1 0.8305288461538461 0.33413461538461536 0.16105769230769232 0.18269230769230768
1 0.11899038461538461 0.32572115384615385 0.21394230769230768 0.19951923076923078
1 0.3918269230769231 0.35697115384615385 0.12980769230769232 0.14182692307692307
1 0.5625 0.43149038461538464 0.11538461538461539 0.13701923076923078
1 0.6057692307692307 0.31971153846153844 0.09134615384615384 0.11538461538461539
1 0.6862980769230769 0.34375 0.10336538461538461 0.1346153846153846
1 0.4639423076923077 0.3076923076923077 0.09134615384615384 0.11538461538461539
1 0.8317307692307693 0.04567307692307692 0.16346153846153846 0.09134615384615384
1 0.1201923076923077 0.054086538461538464 0.21634615384615385 0.10817307692307693
1 0.390625 0.02403846153846154 0.13221153846153846 0.04807692307692308
1 0.6045673076923077 0.036057692307692304 0.09375 0.07211538461538461
1 0.6875 0.028846153846153848 0.10576923076923077 0.057692307692307696
1 0.46274038461538464 0.042067307692307696 0.09375 0.08413461538461539