0 0.44711538461538464 0.4855421686746988 0.04807692307692308 0.06987951807228916
0 0.5240384615384616 0.4843373493975904 0.04807692307692308 0.06746987951807229
0 0.06971153846153846 0.4710843373493976 0.04807692307692308 0.05542168674698795
0 0.3473557692307692 0.4843373493975904 0.05048076923076923 0.06265060240963856
0 0.16346153846153846 0.4783132530120482 0.04807692307692308 0.05542168674698795
0 0.5997596153846154 0.4807228915662651 0.040865384615384616 0.060240963855421686
0 0.6586538461538461 0.4734939759036145 0.04326923076923077 0.05542168674698795
0 0.8293269230769231 0.46987951807228917 0.04326923076923077 0.043373493975903614
0 0.2548076923076923 0.4795180722891566 0.04807692307692308 0.06265060240963856
0 0.7415865384615384 0.4807228915662651 0.05048076923076923 0.05542168674698795
0 0.9194711538461539 0.4963855421686747 0.040865384615384616 0.04819277108433735