1 0.8137019230769231 0.43509615384615385 0.06490384615384616 0.0673076923076923
1 0.11057692307692307 0.4807692307692308 0.04326923076923077 0.057692307692307696
0 0.0673076923076923 0.484375 0.04807692307692308 0.06009615384615385
1 0.10576923076923077 0.4326923076923077 0.03365384615384615 0.04807692307692308
1 0.18629807692307693 0.4675480769230769 0.026442307692307692 0.05048076923076923
0 0.21875 0.4639423076923077 0.04326923076923077 0.04807692307692308
0 0.7175480769230769 0.4362980769230769 0.04567307692307692 0.05048076923076923
0 0.6189903846153846 0.48197115384615385 0.036057692307692304 0.036057692307692304
0 0.5901442307692307 0.4675480769230769 0.026442307692307692 0.04567307692307692
0 0.5649038461538461 0.46153846153846156 0.03365384615384615 0.052884615384615384
1 0.5072115384615384 0.45552884615384615 0.028846153846153848 0.055288461538461536
0 0.47596153846153844 0.4519230769230769 0.038461538461538464 0.057692307692307696
0 0.36778846153846156 0.47475961538461536 0.04807692307692308 0.06490384615384616
0 0.43028846153846156 0.46153846153846156 0.03365384615384615 0.057692307692307696
0 0.3389423076923077 0.46153846153846156 0.03365384615384615 0.057692307692307696