1 0.13581730769230768 0.2783132530120482 0.08413461538461539 0.09879518072289156
1 0.43509615384615385 0.24819277108433735 0.08173076923076923 0.09156626506024096
1 0.030048076923076924 0.26987951807228916 0.05048076923076923 0.0819277108433735
1 0.18269230769230768 0.28313253012048195 0.057692307692307696 0.07951807228915662
1 0.5096153846153846 0.42048192771084336 0.12980769230769232 0.14216867469879518
1 0.7884615384615384 0.38313253012048193 0.057692307692307696 0.05783132530120482
1 0.28365384615384615 0.28313253012048195 0.03365384615384615 0.04578313253012048
1 0.44350961538461536 0.3337349397590361 0.04567307692307692 0.05542168674698795
1 0.13581730769230768 0.051807228915662654 0.08413461538461539 0.09879518072289156
1 0.43509615384615385 0.07951807228915662 0.08173076923076923 0.09156626506024096
1 0.030048076923076924 0.05783132530120482 0.05048076923076923 0.0819277108433735
1 0.18269230769230768 0.046987951807228916 0.057692307692307696 0.07951807228915662
1 0.28365384615384615 0.046987951807228916 0.03365384615384615 0.04578313253012048
1 0.44471153846153844 0.012048192771084338 0.04807692307692308 0.024096385542168676