1 0.9086538461538461 0.3293269230769231 0.14423076923076922 0.1778846153846154
1 0.5384615384615384 0.36177884615384615 0.08173076923076923 0.11778846153846154
1 0.22355769230769232 0.35697115384615385 0.08173076923076923 0.10817307692307693
1 0.1141826923076923 0.3641826923076923 0.09375 0.10817307692307693
1 0.6141826923076923 0.36658653846153844 0.04567307692307692 0.06971153846153846
1 0.33774038461538464 0.3473557692307692 0.055288461538461536 0.07932692307692307
1 0.27163461538461536 0.37259615384615385 0.03365384615384615 0.0673076923076923
1 0.4074519230769231 0.36658653846153844 0.04567307692307692 0.06490384615384616
0 0.7884615384615384 0.3858173076923077 0.038461538461538464 0.055288461538461536
1 0.8485576923076923 0.39903846153846156 0.038461538461538464 0.0673076923076923
0 0.027644230769230768 0.36899038461538464 0.040865384615384616 0.07451923076923077
1 0.9074519230769231 0.039663461538461536 0.1466346153846154 0.07932692307692307