0 0.03485576923076923 0.42650602409638555 0.06009615384615385 0.07710843373493977
0 0.9230769230769231 0.42168674698795183 0.0673076923076923 0.07228915662650602
0 0.40625 0.42771084337349397 0.052884615384615384 0.06506024096385542
0 0.7992788461538461 0.43855421686746987 0.04567307692307692 0.06265060240963856
0 0.6754807692307693 0.4469879518072289 0.03365384615384615 0.04096385542168675
0 0.9807692307692307 0.4602409638554217 0.038461538461538464 0.05783132530120482
0 0.8497596153846154 0.46626506024096387 0.05048076923076923 0.05542168674698795
0 0.7379807692307693 0.45180722891566266 0.038461538461538464 0.05542168674698795
0 0.6045673076923077 0.4433734939759036 0.04567307692307692 0.05301204819277108
0 0.5685096153846154 0.43855421686746987 0.036057692307692304 0.043373493975903614
0 0.49759615384615385 0.43855421686746987 0.038461538461538464 0.05301204819277108
0 0.4675480769230769 0.4469879518072289 0.03125 0.04096385542168675
0 0.3112980769230769 0.4469879518072289 0.05048076923076923 0.060240963855421686
0 0.3389423076923077 0.43253012048192774 0.03365384615384615 0.05542168674698795
0 0.2620192307692308 0.44457831325301206 0.03365384615384615 0.04578313253012048
0 0.17908653846153846 0.42168674698795183 0.05048076923076923 0.05783132530120482