1 0.8004807692307693 0.3686746987951807 0.0673076923076923 0.09156626506024096
1 0.5817307692307693 0.336144578313253 0.07211538461538461 0.0891566265060241
1 0.1310096153846154 0.3710843373493976 0.11778846153846154 0.10602409638554217
1 0.25841346153846156 0.3783132530120482 0.06971153846153846 0.08674698795180723
1 0.8954326923076923 0.36987951807228914 0.11298076923076923 0.13253012048192772
1 0.03245192307692308 0.3542168674698795 0.055288461538461536 0.10602409638554217
1 0.46875 0.3674698795180723 0.052884615384615384 0.07951807228915662
1 0.1814903846153846 0.37349397590361444 0.06971153846153846 0.0819277108433735
1 0.4170673076923077 0.38072289156626504 0.036057692307692304 0.05783132530120482
1 0.34375 0.3783132530120482 0.04807692307692308 0.06746987951807229
1 0.37740384615384615 0.39518072289156625 0.03365384615384615 0.05783132530120482
1 0.5805288461538461 0.01927710843373494 0.07451923076923077 0.03855421686746988
1 0.8966346153846154 0.01325301204819277 0.11538461538461539 0.02650602409638554
1 0.03365384615384615 0.014457831325301205 0.057692307692307696 0.02891566265060241