1 0.46153846153846156 0.2608173076923077 0.0625 0.0889423076923077
1 0.09134615384615384 0.22596153846153846 0.13942307692307693 0.11538461538461539
1 0.5913461538461539 0.2620192307692308 0.07211538461538461 0.1201923076923077
1 0.21394230769230768 0.25721153846153844 0.10576923076923077 0.13942307692307693
1 0.6682692307692307 0.23076923076923078 0.09134615384615384 0.125
1 0.5264423076923077 0.36538461538461536 0.1201923076923077 0.10096153846153846
1 0.46153846153846156 0.06850961538461539 0.0625 0.0889423076923077
1 0.09134615384615384 0.10096153846153846 0.13942307692307693 0.11538461538461539
1 0.5913461538461539 0.06490384615384616 0.07211538461538461 0.1201923076923077
1 0.21394230769230768 0.06971153846153846 0.10576923076923077 0.13942307692307693
1 0.6682692307692307 0.09615384615384616 0.09134615384615384 0.125