0 0.5528846153846154 0.4855421686746988 0.04807692307692308 0.06987951807228916
0 0.47596153846153844 0.4843373493975904 0.04807692307692308 0.06746987951807229
0 0.9302884615384616 0.4710843373493976 0.04807692307692308 0.05542168674698795
0 0.6526442307692307 0.4843373493975904 0.05048076923076923 0.06265060240963856
0 0.8365384615384616 0.4783132530120482 0.04807692307692308 0.05542168674698795
0 0.40024038461538464 0.4807228915662651 0.040865384615384616 0.060240963855421686
0 0.34134615384615385 0.4734939759036145 0.04326923076923077 0.05542168674698795
0 0.17067307692307693 0.46987951807228917 0.04326923076923077 0.043373493975903614
0 0.7451923076923077 0.4795180722891566 0.04807692307692308 0.06265060240963856
0 0.25841346153846156 0.4807228915662651 0.05048076923076923 0.05542168674698795
0 0.08052884615384616 0.4963855421686747 0.040865384615384616 0.04819277108433735