0 0.07932692307692307 0.5072289156626506 0.08173076923076923 0.0891566265060241
0 0.17067307692307693 0.5180722891566265 0.08173076923076923 0.0819277108433735
0 0.34134615384615385 0.5614457831325301 0.10096153846153846 0.1108433734939759
0 0.7235576923076923 0.5674698795180723 0.11538461538461539 0.1180722891566265
0 0.8689903846153846 0.4903614457831325 0.055288461538461536 0.060240963855421686
0 0.921875 0.4674698795180723 0.055288461538461536 0.06746987951807229
0 0.19591346153846154 0.4457831325301205 0.055288461538461536 0.05301204819277108
0 0.8185096153846154 0.4987951807228916 0.06490384615384616 0.07710843373493977
0 0.03125 0.4831325301204819 0.057692307692307696 0.06987951807228916
0 0.3137019230769231 0.44457831325301206 0.04567307692307692 0.060240963855421686
0 0.4050480769230769 0.4397590361445783 0.04567307692307692 0.05060240963855422
0 0.4795673076923077 0.43253012048192774 0.03125 0.04096385542168675
0 0.49759615384615385 0.41445783132530123 0.02403846153846154 0.033734939759036145
0 0.5420673076923077 0.43012048192771085 0.03125 0.04578313253012048
0 0.6778846153846154 0.42409638554216866 0.03365384615384615 0.03855421686746988
0 0.8185096153846154 0.4433734939759036 0.036057692307692304 0.033734939759036145
0 0.7608173076923077 0.43253012048192774 0.04567307692307692 0.04578313253012048