1 0.30649038461538464 0.3581730769230769 0.18028846153846154 0.20673076923076922
0 0.5072115384615384 0.35336538461538464 0.15384615384615385 0.1971153846153846
0 0.11658653846153846 0.3449519230769231 0.06490384615384616 0.06971153846153846
0 0.1466346153846154 0.3004807692307692 0.04326923076923077 0.052884615384615384
0 0.20552884615384615 0.34134615384615385 0.04567307692307692 0.052884615384615384
0 0.3918269230769231 0.33052884615384615 0.038461538461538464 0.05048076923076923
1 0.3076923076923077 0.039663461538461536 0.18269230769230768 0.07932692307692307
0 0.5060096153846154 0.039663461538461536 0.15625 0.07932692307692307
0 0.11778846153846154 0.01201923076923077 0.0673076923076923 0.02403846153846154
0 0.1466346153846154 0.03125 0.04326923076923077 0.052884615384615384
0 0.20673076923076922 0.009615384615384616 0.04807692307692308 0.019230769230769232
0 0.390625 0.014423076923076924 0.040865384615384616 0.028846153846153848