1 0.042067307692307696 0.40481927710843374 0.06971153846153846 0.0819277108433735
1 0.5985576923076923 0.40240963855421685 0.057692307692307696 0.0819277108433735
1 0.8461538461538461 0.3108433734939759 0.14423076923076922 0.1783132530120482
1 0.27884615384615385 0.40963855421686746 0.057692307692307696 0.07228915662650602
1 0.09495192307692307 0.42168674698795183 0.05048076923076923 0.06265060240963856
1 0.140625 0.41686746987951806 0.04567307692307692 0.06265060240963856
1 0.47836538461538464 0.42771084337349397 0.052884615384615384 0.06506024096385542
1 0.3737980769230769 0.42650602409638555 0.04567307692307692 0.06265060240963856
1 0.22956730769230768 0.43132530120481927 0.040865384615384616 0.05301204819277108
1 0.5444711538461539 0.44096385542168676 0.036057692307692304 0.043373493975903614
1 0.6646634615384616 0.43373493975903615 0.040865384615384616 0.05783132530120482
1 0.8473557692307693 0.05421686746987952 0.1466346153846154 0.10843373493975904