1 0.4014423076923077 0.38072289156626504 0.057692307692307696 0.0819277108433735
1 0.9663461538461539 0.3927710843373494 0.052884615384615384 0.0819277108433735
1 0.7920673076923077 0.3819277108433735 0.05048076923076923 0.0746987951807229
1 0.33533653846153844 0.38674698795180723 0.055288461538461536 0.06987951807228916
1 0.7391826923076923 0.4 0.04567307692307692 0.07228915662650602
1 0.15264423076923078 0.653012048192771 0.07451923076923077 0.07228915662650602
0 0.16706730769230768 0.3795180722891566 0.06971153846153846 0.07951807228915662
0 0.6586538461538461 0.3963855421686747 0.04807692307692308 0.06987951807228916
1 0.4891826923076923 0.40602409638554215 0.055288461538461536 0.0746987951807229
1 0.6117788461538461 0.3963855421686747 0.040865384615384616 0.06987951807228916
0 0.53125 0.4 0.04326923076923077 0.05783132530120482
1 0.15144230769230768 0.9855421686746988 0.07692307692307693 0.01927710843373494