1 0.8846153846153846 0.3614457831325301 0.07211538461538461 0.09156626506024096
1 0.3954326923076923 0.22771084337349398 0.13701923076923078 0.12771084337349398
1 0.6538461538461539 0.2963855421686747 0.10576923076923077 0.14457831325301204
1 0.09014423076923077 0.3373493975903614 0.11778846153846154 0.11566265060240964
1 0.7692307692307693 0.3349397590361446 0.09134615384615384 0.11566265060240964
1 0.9483173076923077 0.42048192771084336 0.06009615384615385 0.06987951807228916
1 0.3401442307692308 0.3216867469879518 0.06490384615384616 0.10361445783132531
1 0.3954326923076923 0.09759036144578313 0.13701923076923078 0.12771084337349398
1 0.6550480769230769 0.05060240963855422 0.10817307692307693 0.10120481927710843
1 0.0889423076923077 0.02289156626506024 0.1201923076923077 0.04578313253012048
1 0.7704326923076923 0.024096385542168676 0.09375 0.04819277108433735
1 0.3389423076923077 0.027710843373493974 0.0673076923076923 0.05542168674698795