1 0.06971153846153846 0.3457831325301205 0.057692307692307696 0.06506024096385542
0 0.3112980769230769 0.3457831325301205 0.07451923076923077 0.07951807228915662
0 0.47596153846153844 0.3650602409638554 0.07211538461538461 0.0746987951807229
0 0.8052884615384616 0.3674698795180723 0.057692307692307696 0.08433734939759036
0 0.6237980769230769 0.3602409638554217 0.05048076923076923 0.06987951807228916
1 0.5384615384615384 0.3530120481927711 0.02403846153846154 0.04096385542168675
1 0.37259615384615385 0.3506024096385542 0.03365384615384615 0.05060240963855422
1 0.5709134615384616 0.35542168674698793 0.03125 0.05060240963855422
1 0.7524038461538461 0.363855421686747 0.028846153846153848 0.043373493975903614
0 0.8978365384615384 0.36987951807228914 0.036057692307692304 0.05060240963855422
0 0.1310096153846154 0.3506024096385542 0.040865384615384616 0.04578313253012048
0 0.016826923076923076 0.35542168674698793 0.03365384615384615 0.04578313253012048
0 0.16826923076923078 0.3469879518072289 0.02403846153846154 0.033734939759036145
1 0.06971153846153846 0.09036144578313253 0.057692307692307696 0.06506024096385542
0 0.3112980769230769 0.09036144578313253 0.07451923076923077 0.07951807228915662
0 0.47596153846153844 0.07108433734939759 0.07211538461538461 0.0746987951807229
0 0.8052884615384616 0.06867469879518072 0.057692307692307696 0.08433734939759036
0 0.6237980769230769 0.07590361445783132 0.05048076923076923 0.06987951807228916
1 0.5384615384615384 0.08313253012048193 0.02403846153846154 0.04096385542168675
1 0.37259615384615385 0.0855421686746988 0.03365384615384615 0.05060240963855422
1 0.5709134615384616 0.08072289156626505 0.03125 0.05060240963855422
1 0.7524038461538461 0.06987951807228916 0.028846153846153848 0.043373493975903614
0 0.8978365384615384 0.06626506024096386 0.036057692307692304 0.05060240963855422
0 0.1310096153846154 0.0855421686746988 0.040865384615384616 0.04578313253012048
0 0.016826923076923076 0.08072289156626505 0.03365384615384615 0.04578313253012048
0 0.16826923076923078 0.08674698795180723 0.02403846153846154 0.033734939759036145