1 0.13701923076923078 0.36778846153846156 0.15384615384615385 0.16826923076923078
1 0.5925480769230769 0.38341346153846156 0.12740384615384615 0.18028846153846154
1 0.22596153846153846 0.46033653846153844 0.07211538461538461 0.0889423076923077
1 0.3245192307692308 0.40024038461538464 0.125 0.16105769230769232
1 0.9074519230769231 0.36177884615384615 0.14182692307692307 0.19471153846153846
1 0.5228365384615384 0.43028846153846156 0.08413461538461539 0.1346153846153846
1 0.3858173076923077 0.4567307692307692 0.06971153846153846 0.08653846153846154
1 0.8028846153846154 0.5 0.04807692307692308 0.0625
1 0.46274038461538464 0.48197115384615385 0.06490384615384616 0.0889423076923077
1 0.13581730769230768 0.02283653846153846 0.15625 0.04567307692307692
1 0.59375 0.018028846153846152 0.12980769230769232 0.036057692307692304
1 0.9086538461538461 0.03245192307692308 0.14423076923076922 0.06490384615384616