1 0.8221153846153846 0.4723557692307692 0.0625 0.06971153846153846
1 0.6899038461538461 0.4795673076923077 0.057692307692307696 0.06971153846153846
1 0.7704326923076923 0.46274038461538464 0.05048076923076923 0.06490384615384616
1 0.48197115384615385 0.46274038461538464 0.04567307692307692 0.06009615384615385
1 0.59375 0.4543269230769231 0.052884615384615384 0.0673076923076923
0 0.9411057692307693 0.5 0.03125 0.038461538461538464
0 0.8774038461538461 0.48677884615384615 0.02403846153846154 0.03125
1 0.35697115384615385 0.46634615384615385 0.040865384615384616 0.0673076923076923
1 0.3137019230769231 0.46033653846153844 0.04567307692307692 0.055288461538461536
0 0.06009615384615385 0.47716346153846156 0.04326923076923077 0.06009615384615385
0 0.27163461538461536 0.48197115384615385 0.03365384615384615 0.040865384615384616