1 0.5985576923076923 0.38072289156626504 0.057692307692307696 0.0819277108433735
1 0.03365384615384615 0.3927710843373494 0.052884615384615384 0.0819277108433735
1 0.20793269230769232 0.3819277108433735 0.05048076923076923 0.0746987951807229
1 0.6646634615384616 0.38674698795180723 0.055288461538461536 0.06987951807228916
1 0.2608173076923077 0.4 0.04567307692307692 0.07228915662650602
1 0.8473557692307693 0.653012048192771 0.07451923076923077 0.07228915662650602
0 0.8329326923076923 0.3795180722891566 0.06971153846153846 0.07951807228915662
0 0.34134615384615385 0.3963855421686747 0.04807692307692308 0.06987951807228916
1 0.5108173076923077 0.40602409638554215 0.055288461538461536 0.0746987951807229
1 0.38822115384615385 0.3963855421686747 0.040865384615384616 0.06987951807228916
0 0.46875 0.4 0.04326923076923077 0.05783132530120482
1 0.8485576923076923 0.9855421686746988 0.07692307692307693 0.01927710843373494