1 0.6686746987951807 0.3161057692307692 0.13734939759036144 0.19471153846153846
1 0.8385542168674699 0.30408653846153844 0.07228915662650602 0.19951923076923078
1 0.363855421686747 0.30528846153846156 0.14457831325301204 0.1971153846153846
1 0.5325301204819277 0.265625 0.13975903614457832 0.1658653846153846
1 0.7228915662650602 0.21875 0.11566265060240964 0.17307692307692307
1 0.44216867469879517 0.19471153846153846 0.11325301204819277 0.14423076923076922
1 0.27349397590361446 0.22596153846153846 0.1180722891566265 0.20192307692307693
1 0.7855421686746988 0.21394230769230768 0.09156626506024096 0.14423076923076922
1 0.844578313253012 0.16105769230769232 0.060240963855421686 0.11057692307692307
1 0.5542168674698795 0.140625 0.0963855421686747 0.11778846153846154
1 0.2 0.22115384615384615 0.07228915662650602 0.15865384615384615
1 0.6879518072289157 0.1466346153846154 0.09397590361445783 0.10576923076923077
1 0.3216867469879518 0.05048076923076923 0.0746987951807229 0.07211538461538461
1 0.2493975903614458 0.09975961538461539 0.08433734939759036 0.10336538461538461
1 0.15903614457831325 0.19230769230769232 0.05783132530120482 0.16346153846153846
1 0.5963855421686747 0.07211538461538461 0.06987951807228916 0.09615384615384616
1 0.6433734939759036 0.12259615384615384 0.07228915662650602 0.11057692307692307
1 0.9156626506024096 0.30408653846153844 0.07228915662650602 0.19951923076923078
1 0.9855421686746988 0.21995192307692307 0.02891566265060241 0.17548076923076922
1 0.021686746987951807 0.22716346153846154 0.033734939759036145 0.20432692307692307
1 0.9602409638554217 0.21514423076923078 0.07951807228915662 0.1466346153846154
1 0.9072289156626506 0.16105769230769232 0.060240963855421686 0.11057692307692307
1 0.05301204819277108 0.22115384615384615 0.07228915662650602 0.15865384615384615
1 0.02530120481927711 0.0985576923076923 0.04096385542168675 0.10576923076923077
1 0.09397590361445783 0.19230769230769232 0.05783132530120482 0.16346153846153846