1 0.04567307692307692 0.45903614457831327 0.028846153846153848 0.02650602409638554
0 0.17908653846153846 0.4397590361445783 0.0889423076923077 0.09879518072289156
0 0.11658653846153846 0.4469879518072289 0.03125 0.03614457831325301
0 0.3858173076923077 0.43253012048192774 0.055288461538461536 0.05542168674698795
0 0.4483173076923077 0.42650602409638555 0.055288461538461536 0.05783132530120482
0 0.5204326923076923 0.43493975903614457 0.036057692307692304 0.04578313253012048
0 0.5552884615384616 0.44216867469879517 0.03365384615384615 0.04096385542168675
0 0.6189903846153846 0.43493975903614457 0.026442307692307692 0.03132530120481928
0 0.6838942307692307 0.43855421686746987 0.040865384615384616 0.043373493975903614
0 0.7524038461538461 0.43132530120481927 0.038461538461538464 0.043373493975903614
0 0.8197115384615384 0.42409638554216866 0.038461538461538464 0.03855421686746988
0 0.8653846153846154 0.42530120481927713 0.02403846153846154 0.03614457831325301
0 0.9134615384615384 0.42048192771084336 0.038461538461538464 0.04578313253012048
0 0.9747596153846154 0.42048192771084336 0.021634615384615384 0.03132530120481928