1 0.7776442307692307 0.5650602409638554 0.06490384615384616 0.06987951807228916
1 0.19951923076923078 0.5048192771084338 0.04326923076923077 0.04096385542168675
1 0.4230769230769231 0.4975903614457831 0.052884615384615384 0.05542168674698795
1 0.4387019230769231 0.39879518072289155 0.03125 0.03614457831325301
1 0.3918269230769231 0.41325301204819276 0.03365384615384615 0.03132530120481928
1 0.8233173076923077 0.3963855421686747 0.04567307692307692 0.04578313253012048
1 0.9459134615384616 0.4927710843373494 0.040865384615384616 0.04096385542168675
1 0.9747596153846154 0.41445783132530123 0.040865384615384616 0.05301204819277108
1 0.8822115384615384 0.4 0.028846153846153848 0.043373493975903614
1 0.4375 0.008433734939759036 0.03365384615384615 0.016867469879518072
1 0.8221153846153846 0.012048192771084338 0.04807692307692308 0.024096385542168676
1 0.9735576923076923 0.004819277108433735 0.04326923076923077 0.00963855421686747
1 0.8834134615384616 0.00963855421686747 0.03125 0.01927710843373494