1 0.43855421686746987 0.48677884615384615 0.043373493975903614 0.036057692307692304
1 0.8036144578313253 0.48677884615384615 0.04578313253012048 0.06490384615384616
1 0.26265060240963856 0.41225961538461536 0.04819277108433735 0.04567307692307692
1 0.7108433734939759 0.4579326923076923 0.03855421686746988 0.05048076923076923
1 0.3313253012048193 0.5132211538461539 0.05060240963855422 0.040865384615384616
1 0.363855421686747 0.5120192307692307 0.043373493975903614 0.038461538461538464
1 0.5783132530120482 0.47836538461538464 0.02891566265060241 0.028846153846153848
1 0.6144578313253012 0.4519230769230769 0.02891566265060241 0.028846153846153848
1 0.636144578313253 0.44471153846153844 0.024096385542168676 0.03365384615384615
1 0.9 0.48677884615384615 0.04578313253012048 0.06490384615384616
1 0.03855421686746988 0.41225961538461536 0.04819277108433735 0.04567307692307692
1 0.9867469879518073 0.4567307692307692 0.02650602409638554 0.052884615384615384