0 0.30528846153846156 0.35180722891566263 0.0625 0.0819277108433735
0 0.8257211538461539 0.344578313253012 0.06971153846153846 0.0819277108433735
0 0.6286057692307693 0.3253012048192771 0.055288461538461536 0.07228915662650602
0 0.44711538461538464 0.3506024096385542 0.052884615384615384 0.060240963855421686
0 0.08052884615384616 0.37710843373493974 0.055288461538461536 0.06987951807228916
0 0.5877403846153846 0.3614457831325301 0.036057692307692304 0.05783132530120482
0 0.796875 0.3228915662650602 0.04567307692307692 0.05301204819277108
0 0.24278846153846154 0.3349397590361446 0.028846153846153848 0.033734939759036145
0 0.19951923076923078 0.3349397590361446 0.02403846153846154 0.02891566265060241
0 0.06009615384615385 0.3385542168674699 0.038461538461538464 0.03614457831325301
0 0.30649038461538464 0.00963855421686747 0.06490384615384616 0.01927710843373494
0 0.8245192307692307 0.01325301204819277 0.07211538461538461 0.02650602409638554
0 0.6274038461538461 0.020481927710843374 0.057692307692307696 0.04096385542168675
0 0.4483173076923077 0.004819277108433735 0.055288461538461536 0.00963855421686747
0 0.7956730769230769 0.016867469879518072 0.04807692307692308 0.033734939759036145
0 0.2439903846153846 0.006024096385542169 0.03125 0.012048192771084338
0 0.20072115384615385 0.004819277108433735 0.026442307692307692 0.00963855421686747
0 0.06129807692307692 0.004819277108433735 0.040865384615384616 0.00963855421686747