1 0.8774038461538461 0.23798076923076922 0.16346153846153846 0.1971153846153846
1 0.46153846153846156 0.4014423076923077 0.1201923076923077 0.1346153846153846
1 0.6213942307692307 0.5853365384615384 0.13221153846153846 0.11778846153846154
1 0.5685096153846154 0.31971153846153844 0.10817307692307693 0.14903846153846154
1 0.11298076923076923 0.25721153846153844 0.0625 0.11538461538461539
1 0.07211538461538461 0.21875 0.12980769230769232 0.15865384615384615
1 0.33774038461538464 0.22355769230769232 0.055288461538461536 0.07211538461538461
0 0.7247596153846154 0.3293269230769231 0.08413461538461539 0.09134615384615384
1 0.8762019230769231 0.06850961538461539 0.1658653846153846 0.13701923076923078
1 0.5697115384615384 0.015625 0.11057692307692307 0.03125
1 0.11177884615384616 0.038461538461538464 0.06490384615384616 0.07692307692307693
1 0.07091346153846154 0.06850961538461539 0.13221153846153846 0.13701923076923078
1 0.33774038461538464 0.05048076923076923 0.055288461538461536 0.07211538461538461