1 0.4831730769230769 0.3469879518072289 0.07692307692307693 0.10602409638554217
1 0.9158653846153846 0.3253012048192771 0.12980769230769232 0.163855421686747
1 0.5889423076923077 0.3542168674698795 0.09134615384615384 0.1108433734939759
1 0.7992788461538461 0.3397590361445783 0.07932692307692307 0.11566265060240964
1 0.6622596153846154 0.3542168674698795 0.06009615384615385 0.0819277108433735
1 0.7391826923076923 0.3530120481927711 0.04567307692307692 0.07951807228915662
1 0.42908653846153844 0.3614457831325301 0.040865384615384616 0.05783132530120482
1 0.33533653846153844 0.3373493975903614 0.05048076923076923 0.06265060240963856
1 0.3798076923076923 0.35903614457831323 0.03365384615384615 0.05783132530120482
1 0.6995192307692307 0.3650602409638554 0.03365384615384615 0.06987951807228916
1 0.48197115384615385 0.018072289156626505 0.07932692307692307 0.03614457831325301
1 0.9146634615384616 0.043373493975903614 0.13221153846153846 0.08674698795180723
1 0.5877403846153846 0.01566265060240964 0.09375 0.03132530120481928
1 0.8004807692307693 0.024096385542168676 0.08173076923076923 0.04819277108433735
1 0.6634615384615384 0.008433734939759036 0.0625 0.016867469879518072
1 0.7403846153846154 0.008433734939759036 0.04807692307692308 0.016867469879518072
1 0.33653846153846156 0.012048192771084338 0.052884615384615384 0.024096385542168676