1 0.14543269230769232 0.41325301204819276 0.06009615384615385 0.07951807228915662
1 0.19230769230769232 0.39759036144578314 0.052884615384615384 0.07228915662650602
1 0.23557692307692307 0.41325301204819276 0.038461538461538464 0.04578313253012048
1 0.35096153846153844 0.41807228915662653 0.04807692307692308 0.06987951807228916
1 0.42427884615384615 0.38313253012048193 0.05048076923076923 0.06265060240963856
1 0.5216346153846154 0.39036144578313253 0.052884615384615384 0.05783132530120482
1 0.5625 0.35542168674698793 0.04807692307692308 0.060240963855421686
1 0.6286057692307693 0.3313253012048193 0.04567307692307692 0.06506024096385542
1 0.6033653846153846 0.3337349397590361 0.038461538461538464 0.05542168674698795
1 0.7247596153846154 0.3325301204819277 0.055288461538461536 0.06746987951807229
1 0.7740384615384616 0.3216867469879518 0.04807692307692308 0.0746987951807229
1 0.5637019230769231 0.004819277108433735 0.05048076923076923 0.00963855421686747
1 0.6274038461538461 0.018072289156626505 0.04807692307692308 0.03614457831325301
1 0.6045673076923077 0.014457831325301205 0.040865384615384616 0.02891566265060241
1 0.7235576923076923 0.018072289156626505 0.057692307692307696 0.03614457831325301
1 0.7752403846153846 0.02530120481927711 0.05048076923076923 0.05060240963855422