1 0.013221153846153846 0.5445783132530121 0.026442307692307692 0.043373493975903614
1 0.0625 0.5457831325301205 0.038461538461538464 0.04096385542168675
1 0.12139423076923077 0.5963855421686747 0.04567307692307692 0.04578313253012048
1 0.45913461538461536 0.5277108433734939 0.04326923076923077 0.05301204819277108
1 0.36778846153846156 0.5698795180722892 0.03365384615384615 0.04096385542168675
1 0.23677884615384615 0.5445783132530121 0.03125 0.033734939759036145
1 0.16947115384615385 0.5662650602409639 0.03125 0.043373493975903614
1 0.8100961538461539 0.6132530120481928 0.038461538461538464 0.04096385542168675
1 0.8798076923076923 0.4650602409638554 0.03365384615384615 0.03855421686746988
1 0.7752403846153846 0.4855421686746988 0.040865384615384616 0.04096385542168675
1 0.6875 0.5108433734939759 0.03365384615384615 0.043373493975903614
1 0.5600961538461539 0.5216867469879518 0.04807692307692308 0.05060240963855422
1 0.5276442307692307 0.5240963855421686 0.036057692307692304 0.04578313253012048
1 0.1466346153846154 0.5349397590361445 0.028846153846153848 0.03855421686746988
1 0.19110576923076922 0.5337349397590362 0.03125 0.03614457831325301
1 0.2091346153846154 0.5457831325301205 0.03365384615384615 0.04096385542168675
0 0.40625 0.572289156626506 0.028846153846153848 0.03614457831325301
0 0.6237980769230769 0.5072289156626506 0.040865384615384616 0.04578313253012048