0 0.5252403846153846 0.44457831325301206 0.036057692307692304 0.05060240963855422
0 0.9194711538461539 0.42771084337349397 0.055288461538461536 0.060240963855421686
0 0.7836538461538461 0.44096385542168676 0.04807692307692308 0.05783132530120482
0 0.8112980769230769 0.43373493975903615 0.03125 0.043373493975903614
0 0.7199519230769231 0.43012048192771085 0.040865384615384616 0.05542168674698795
0 0.6947115384615384 0.4493975903614458 0.038461538461538464 0.04578313253012048
0 0.6478365384615384 0.4566265060240964 0.040865384615384616 0.05542168674698795
0 0.6105769230769231 0.4578313253012048 0.03365384615384615 0.04819277108433735
0 0.34975961538461536 0.4433734939759036 0.055288461538461536 0.05783132530120482
0 0.04567307692307692 0.45903614457831327 0.03365384615384615 0.04578313253012048
0 0.06850961538461539 0.463855421686747 0.026442307692307692 0.04096385542168675
0 0.17668269230769232 0.4686746987951807 0.04567307692307692 0.05060240963855422
0 0.2704326923076923 0.45180722891566266 0.040865384615384616 0.05060240963855422