0 0.5036057692307693 0.363855421686747 0.0889423076923077 0.10602409638554217
0 0.8052884615384616 0.36265060240963853 0.09134615384615384 0.10361445783132531
0 0.06370192307692307 0.3373493975903614 0.0985576923076923 0.13012048192771083
0 0.34134615384615385 0.36265060240963853 0.07211538461538461 0.09879518072289156
0 0.1466346153846154 0.3421686746987952 0.10576923076923077 0.1108433734939759
0 0.6814903846153846 0.3301204819277108 0.09375 0.13012048192771083
0 0.5024038461538461 0.00963855421686747 0.09134615384615384 0.01927710843373494
0 0.8064903846153846 0.00963855421686747 0.09375 0.01927710843373494
0 0.0625 0.02891566265060241 0.10096153846153846 0.05783132530120482
0 0.3425480769230769 0.008433734939759036 0.07451923076923077 0.016867469879518072
0 0.14783653846153846 0.021686746987951807 0.10817307692307693 0.043373493975903614
0 0.6802884615384616 0.03253012048192771 0.09615384615384616 0.06506024096385542