1 0.7776442307692307 0.38674698795180723 0.08413461538461539 0.09879518072289156
1 0.8858173076923077 0.3096385542168675 0.11778846153846154 0.13734939759036144
1 0.13221153846153846 0.4072289156626506 0.07211538461538461 0.07710843373493977
1 0.29447115384615385 0.3783132530120482 0.0985576923076923 0.10602409638554217
1 0.6165865384615384 0.36626506024096384 0.08413461538461539 0.10120481927710843
1 0.4951923076923077 0.3819277108433735 0.07211538461538461 0.09879518072289156
1 0.7788461538461539 0.01566265060240964 0.08653846153846154 0.03132530120481928
1 0.8870192307692307 0.06385542168674699 0.1201923076923077 0.12771084337349398
1 0.2956730769230769 0.021686746987951807 0.10096153846153846 0.043373493975903614
1 0.6177884615384616 0.02650602409638554 0.08653846153846154 0.05301204819277108
1 0.49399038461538464 0.018072289156626505 0.07451923076923077 0.03614457831325301