1 0.6706730769230769 0.29518072289156627 0.04807692307692308 0.05060240963855422
1 0.328125 0.26987951807228916 0.05048076923076923 0.06265060240963856
1 0.8629807692307693 0.3108433734939759 0.038461538461538464 0.05783132530120482
1 0.7932692307692307 0.3337349397590361 0.03365384615384615 0.04578313253012048
1 0.7740384615384616 0.31204819277108437 0.028846153846153848 0.04096385542168675
1 0.17067307692307693 0.3759036144578313 0.0625 0.08674698795180723
1 0.30288461538461536 0.27951807228915665 0.03365384615384615 0.05783132530120482
1 0.4014423076923077 0.29397590361445786 0.04326923076923077 0.05783132530120482
1 0.5625 0.3072289156626506 0.04326923076923077 0.060240963855421686
1 0.5168269230769231 0.3228915662650602 0.04807692307692308 0.05783132530120482
1 0.4651442307692308 0.3180722891566265 0.021634615384615384 0.033734939759036145
1 0.9206730769230769 0.3060240963855422 0.04326923076923077 0.05301204819277108
1 0.9891826923076923 0.3024096385542169 0.021634615384615384 0.05542168674698795
1 0.6706730769230769 0.03493975903614458 0.04807692307692308 0.05060240963855422
1 0.328125 0.05783132530120482 0.05048076923076923 0.06265060240963856
1 0.8617788461538461 0.024096385542168676 0.040865384615384616 0.04819277108433735
1 0.7920673076923077 0.00963855421686747 0.036057692307692304 0.01927710843373494
1 0.7728365384615384 0.01927710843373494 0.03125 0.03855421686746988
1 0.30288461538461536 0.04819277108433735 0.03365384615384615 0.05783132530120482
1 0.4014423076923077 0.033734939759036145 0.04326923076923077 0.05783132530120482
1 0.5612980769230769 0.02650602409638554 0.04567307692307692 0.05301204819277108
1 0.515625 0.018072289156626505 0.05048076923076923 0.03614457831325301
1 0.46634615384615385 0.014457831325301205 0.02403846153846154 0.02891566265060241
1 0.9194711538461539 0.02530120481927711 0.04567307692307692 0.05060240963855422
1 0.9891826923076923 0.027710843373493974 0.021634615384615384 0.05542168674698795