1 0.9290865384615384 0.7674698795180723 0.08413461538461539 0.08433734939759036
1 0.6490384615384616 0.6349397590361445 0.057692307692307696 0.06506024096385542
1 0.9735576923076923 0.7180722891566265 0.04326923076923077 0.0819277108433735
1 0.5420673076923077 0.6060240963855422 0.04567307692307692 0.05542168674698795
1 0.015625 0.6867469879518072 0.03125 0.05783132530120482
1 0.12379807692307693 0.6674698795180722 0.040865384615384616 0.05783132530120482
1 0.21634615384615385 0.6710843373493975 0.04326923076923077 0.04578313253012048
1 0.21634615384615385 0.19879518072289157 0.03365384615384615 0.02650602409638554
1 0.28365384615384615 0.3542168674698795 0.03365384615384615 0.033734939759036145
1 0.41947115384615385 0.6132530120481928 0.040865384615384616 0.04096385542168675
1 0.5961538461538461 0.7072289156626506 0.052884615384615384 0.06987951807228916
1 0.49158653846153844 0.7 0.05048076923076923 0.06506024096385542
1 0.43509615384615385 0.7060240963855422 0.04807692307692308 0.06265060240963856
1 0.4266826923076923 0.6795180722891566 0.04567307692307692 0.05783132530120482
1 0.3473557692307692 0.6650602409638554 0.036057692307692304 0.043373493975903614
1 0.5036057692307693 0.5325301204819277 0.040865384615384616 0.033734939759036145
1 0.4639423076923077 0.5072289156626506 0.028846153846153848 0.03614457831325301
1 0.3870192307692308 0.5180722891566265 0.038461538461538464 0.043373493975903614
1 0.43509615384615385 0.4433734939759036 0.028846153846153848 0.043373493975903614
1 0.39302884615384615 0.4602409638554217 0.026442307692307692 0.033734939759036145
0 0.7932692307692307 0.7120481927710843 0.057692307692307696 0.04578313253012048
1 0.9290865384615384 0.8975903614457831 0.08413461538461539 0.08433734939759036
1 0.9735576923076923 0.944578313253012 0.04326923076923077 0.0819277108433735
1 0.015625 0.9710843373493976 0.03125 0.04819277108433735
1 0.12259615384615384 0.980722891566265 0.04326923076923077 0.02891566265060241
1 0.21754807692307693 0.9819277108433735 0.04567307692307692 0.02650602409638554
1 0.21634615384615385 0.13132530120481928 0.03365384615384615 0.02650602409638554
1 0.5961538461538461 0.9578313253012049 0.052884615384615384 0.06987951807228916
1 0.49158653846153844 0.9650602409638555 0.05048076923076923 0.06506024096385542
1 0.43509615384615385 0.9566265060240964 0.04807692307692308 0.06265060240963856
1 0.4254807692307692 0.9746987951807229 0.04807692307692308 0.04096385542168675
1 0.34615384615384615 0.9855421686746988 0.038461538461538464 0.01927710843373494
0 0.7932692307692307 0.9530120481927711 0.057692307692307696 0.04578313253012048