1 0.8617788461538461 0.27710843373493976 0.08413461538461539 0.10120481927710843
1 0.5649038461538461 0.24819277108433735 0.08173076923076923 0.09156626506024096
1 0.9699519230769231 0.26987951807228916 0.05048076923076923 0.0819277108433735
1 0.8185096153846154 0.2819277108433735 0.06009615384615385 0.0819277108433735
1 0.49158653846153844 0.41927710843373495 0.13221153846153846 0.14457831325301204
1 0.21153846153846154 0.38433734939759034 0.057692307692307696 0.060240963855421686
1 0.5564903846153846 0.3397590361445783 0.05048076923076923 0.06265060240963856
1 0.7139423076923077 0.28313253012048195 0.03365384615384615 0.05542168674698795
1 0.8617788461538461 0.05060240963855422 0.08413461538461539 0.10120481927710843
1 0.5649038461538461 0.07951807228915662 0.08173076923076923 0.09156626506024096
1 0.9699519230769231 0.05783132530120482 0.05048076923076923 0.0819277108433735
1 0.8185096153846154 0.04578313253012048 0.06009615384615385 0.0819277108433735
1 0.5552884615384616 0.010843373493975903 0.052884615384615384 0.021686746987951807
1 0.7139423076923077 0.046987951807228916 0.03365384615384615 0.05542168674698795