1 0.4807692307692308 0.3710843373493976 0.052884615384615384 0.05783132530120482
0 0.8617788461538461 0.3397590361445783 0.05048076923076923 0.06265060240963856
0 0.32572115384615385 0.3457831325301205 0.05048076923076923 0.05542168674698795
0 0.23076923076923078 0.3674698795180723 0.038461538461538464 0.04096385542168675
0 0.2620192307692308 0.3746987951807229 0.028846153846153848 0.04096385542168675
0 0.6766826923076923 0.3469879518072289 0.04567307692307692 0.05301204819277108
0 0.8088942307692307 0.3385542168674699 0.040865384615384616 0.04578313253012048
0 0.4543269230769231 0.3566265060240964 0.03365384615384615 0.05783132530120482
0 0.5444711538461539 0.37349397590361444 0.03125 0.043373493975903614
0 0.7007211538461539 0.3542168674698795 0.03125 0.043373493975903614
0 0.90625 0.3469879518072289 0.038461538461538464 0.05301204819277108
0 0.8605769230769231 0.010843373493975903 0.052884615384615384 0.021686746987951807
0 0.3245192307692308 0.006024096385542169 0.052884615384615384 0.012048192771084338
0 0.6754807692307693 0.004819277108433735 0.04807692307692308 0.00963855421686747
0 0.8076923076923077 0.007228915662650603 0.04326923076923077 0.014457831325301205
0 0.9074519230769231 0.004819277108433735 0.040865384615384616 0.00963855421686747