1 0.1814903846153846 0.4734939759036145 0.06971153846153846 0.07951807228915662
1 0.32211538461538464 0.4855421686746988 0.057692307692307696 0.06987951807228916
1 0.9519230769230769 0.491566265060241 0.04807692307692308 0.06265060240963856
1 0.2247596153846154 0.491566265060241 0.04567307692307692 0.05783132530120482
1 0.5961538461538461 0.4831325301204819 0.03365384615384615 0.060240963855421686
1 0.6442307692307693 0.5012048192771085 0.028846153846153848 0.04819277108433735
1 0.8149038461538461 0.4939759036144578 0.038461538461538464 0.05301204819277108
1 0.7175480769230769 0.519277108433735 0.026442307692307692 0.03614457831325301
0 0.6899038461538461 0.5036144578313253 0.04326923076923077 0.05783132530120482
0 0.5661057692307693 0.4831325301204819 0.04567307692307692 0.060240963855421686
0 0.4567307692307692 0.4927710843373494 0.052884615384615384 0.060240963855421686