1 0.18870192307692307 0.27710843373493976 0.12259615384615384 0.13012048192771083
1 0.3942307692307692 0.25060240963855424 0.10576923076923077 0.07710843373493977
1 0.5192307692307693 0.3542168674698795 0.07692307692307693 0.10120481927710843
1 0.6033653846153846 0.3602409638554217 0.08173076923076923 0.1180722891566265
1 0.6814903846153846 0.3349397590361446 0.10817307692307693 0.1493975903614458
0 0.39663461538461536 0.3433734939759036 0.16346153846153846 0.17590361445783131
0 0.7151442307692307 0.5457831325301205 0.25721153846153844 0.29156626506024097
0 0.7752403846153846 0.3457831325301205 0.13221153846153846 0.16626506024096385
1 0.1875 0.05903614457831325 0.125 0.1180722891566265
1 0.3942307692307692 0.07710843373493977 0.10576923076923077 0.07710843373493977
1 0.5204326923076923 0.01325301204819277 0.07932692307692307 0.02650602409638554
1 0.6045673076923077 0.014457831325301205 0.08413461538461539 0.02891566265060241
1 0.6802884615384616 0.03493975903614458 0.11057692307692307 0.06987951807228916
0 0.39783653846153844 0.03734939759036145 0.1658653846153846 0.0746987951807229
0 0.7740384615384616 0.033734939759036145 0.1346153846153846 0.06746987951807229