1 0.8245192307692307 0.3060240963855422 0.17307692307692307 0.17349397590361446
1 0.26802884615384615 0.35903614457831323 0.1466346153846154 0.163855421686747
1 0.3954326923076923 0.39518072289156625 0.11298076923076923 0.13012048192771083
1 0.6983173076923077 0.31204819277108437 0.11778846153846154 0.14216867469879518
1 0.9110576923076923 0.3253012048192771 0.057692307692307696 0.07228915662650602
1 0.29927884615384615 0.3 0.11778846153846154 0.10361445783132531
1 0.039663461538461536 0.3337349397590361 0.06971153846153846 0.2289156626506024
1 0.8245192307692307 0.12771084337349398 0.17307692307692307 0.17349397590361446
1 0.2692307692307692 0.07951807228915662 0.14903846153846154 0.15903614457831325
1 0.39663461538461536 0.05301204819277108 0.11538461538461539 0.10602409638554217
1 0.6983173076923077 0.12409638554216867 0.11778846153846154 0.14216867469879518
1 0.9110576923076923 0.10843373493975904 0.057692307692307696 0.07228915662650602
1 0.29927884615384615 0.13614457831325302 0.11778846153846154 0.10361445783132531
1 0.040865384615384616 0.10843373493975904 0.07211538461538461 0.21686746987951808