1 0.4891826923076923 0.3016826923076923 0.17548076923076922 0.19951923076923078
1 0.390625 0.19471153846153846 0.13221153846153846 0.13942307692307693
0 0.8389423076923077 0.2283653846153846 0.13942307692307693 0.1778846153846154
0 0.703125 0.2536057692307692 0.13221153846153846 0.14182692307692307
0 0.2512019230769231 0.19951923076923078 0.23317307692307693 0.14903846153846154
0 0.0673076923076923 0.21995192307692307 0.1201923076923077 0.15144230769230768
1 0.49038461538461536 0.02283653846153846 0.1778846153846154 0.04567307692307692
1 0.3918269230769231 0.06129807692307692 0.1346153846153846 0.12259615384615384
0 0.8377403846153846 0.054086538461538464 0.14182692307692307 0.10817307692307693
0 0.7043269230769231 0.03245192307692308 0.1346153846153846 0.06490384615384616
0 0.25240384615384615 0.06129807692307692 0.23557692307692307 0.12259615384615384
0 0.06610576923076923 0.051682692307692304 0.12259615384615384 0.10336538461538461