1 0.38674698795180723 0.4483173076923077 0.060240963855421686 0.06971153846153846
1 0.17951807228915662 0.5024038461538461 0.06506024096385542 0.10576923076923077
1 0.691566265060241 0.5721153846153846 0.033734939759036145 0.052884615384615384
1 0.6024096385542169 0.609375 0.05301204819277108 0.06490384615384616
1 0.5602409638554217 0.59375 0.05542168674698795 0.057692307692307696
1 0.5373493975903615 0.5228365384615384 0.033734939759036145 0.040865384615384616
1 0.3180722891566265 0.453125 0.04819277108433735 0.055288461538461536
0 0.23493975903614459 0.5252403846153846 0.10361445783132531 0.14182692307692307
0 0.26385542168674697 0.4362980769230769 0.02650602409638554 0.03125
1 0.0783132530120482 0.5024038461538461 0.06506024096385542 0.10576923076923077
0 0.04096385542168675 0.5240384615384616 0.07228915662650602 0.14423076923076922