0 0.8846153846153846 0.40240963855421685 0.038461538461538464 0.05301204819277108
0 0.7463942307692307 0.38313253012048193 0.04567307692307692 0.05783132530120482
0 0.9314903846153846 0.41445783132530123 0.036057692307692304 0.03855421686746988
0 0.84375 0.3819277108433735 0.038461538461538464 0.05542168674698795
0 0.6778846153846154 0.3746987951807229 0.028846153846153848 0.03614457831325301
0 0.6502403846153846 0.39036144578313253 0.04567307692307692 0.04819277108433735
0 0.5805288461538461 0.3891566265060241 0.04567307692307692 0.05542168674698795
0 0.47115384615384615 0.39518072289156625 0.038461538461538464 0.04819277108433735
0 0.43990384615384615 0.3795180722891566 0.03365384615384615 0.05060240963855422
0 0.4050480769230769 0.39397590361445783 0.04567307692307692 0.05060240963855422
0 0.25721153846153844 0.39156626506024095 0.03365384615384615 0.04578313253012048
0 0.27524038461538464 0.3710843373493976 0.026442307692307692 0.04819277108433735
0 0.12379807692307693 0.37710843373493974 0.036057692307692304 0.04578313253012048
0 0.019230769230769232 0.3686746987951807 0.02403846153846154 0.06265060240963856