1 0.9014423076923077 0.43614457831325304 0.03365384615384615 0.04819277108433735
1 0.7463942307692307 0.43253012048192774 0.07451923076923077 0.0891566265060241
1 0.6334134615384616 0.42891566265060244 0.07932692307692307 0.08674698795180723
0 0.5204326923076923 0.43373493975903615 0.055288461538461536 0.06746987951807229
0 0.8341346153846154 0.41927710843373495 0.04807692307692308 0.05783132530120482
0 0.9507211538461539 0.42048192771084336 0.04567307692307692 0.06506024096385542
0 0.15625 0.4843373493975904 0.04326923076923077 0.05783132530120482
0 0.2800480769230769 0.44819277108433736 0.06009615384615385 0.06265060240963856
0 0.3485576923076923 0.4710843373493976 0.038461538461538464 0.05060240963855422
0 0.39903846153846156 0.4650602409638554 0.0625 0.06265060240963856
0 0.4362980769230769 0.4831325301204819 0.036057692307692304 0.060240963855421686
0 0.484375 0.4783132530120482 0.040865384615384616 0.05542168674698795
1 0.9002403846153846 0.014457831325301205 0.036057692307692304 0.02891566265060241
1 0.7475961538461539 0.02650602409638554 0.07692307692307693 0.05301204819277108
1 0.6346153846153846 0.027710843373493974 0.08173076923076923 0.05542168674698795
0 0.5216346153846154 0.020481927710843374 0.057692307692307696 0.04096385542168675
0 0.8329326923076923 0.02530120481927711 0.05048076923076923 0.05060240963855422
0 0.9519230769230769 0.02650602409638554 0.04807692307692308 0.05301204819277108
0 0.28125 0.012048192771084338 0.0625 0.024096385542168676