0 0.19471153846153846 0.4579326923076923 0.0625 0.07451923076923077
0 0.26802884615384615 0.43509615384615385 0.07932692307692307 0.09615384615384616
0 0.9074519230769231 0.4483173076923077 0.11298076923076923 0.12740384615384615
0 0.7836538461538461 0.42788461538461536 0.07211538461538461 0.08173076923076923
0 0.5600961538461539 0.43509615384615385 0.057692307692307696 0.08173076923076923
0 0.6670673076923077 0.3894230769230769 0.09375 0.11538461538461539
0 0.4254807692307692 0.4543269230769231 0.052884615384615384 0.07692307692307693
0 0.3473557692307692 0.44471153846153844 0.055288461538461536 0.0673076923076923
0 0.1201923076923077 0.43028846153846156 0.057692307692307696 0.07211538461538461
0 0.9771634615384616 0.4375 0.04567307692307692 0.10096153846153846
0 0.46153846153846156 0.45552884615384615 0.04326923076923077 0.06971153846153846
0 0.49158653846153844 0.45552884615384615 0.026442307692307692 0.04567307692307692