1 0.13822115384615385 0.4108433734939759 0.07932692307692307 0.09879518072289156
1 0.2692307692307692 0.43253012048192774 0.052884615384615384 0.06987951807228916
1 0.3701923076923077 0.42891566265060244 0.04807692307692308 0.06746987951807229
1 0.7548076923076923 0.5903614457831325 0.04326923076923077 0.04819277108433735
1 0.9098557692307693 0.5602409638554217 0.036057692307692304 0.05060240963855422
1 0.6153846153846154 0.4759036144578313 0.04326923076923077 0.05542168674698795
1 0.4855769230769231 0.5518072289156627 0.04326923076923077 0.04819277108433735
1 0.5564903846153846 0.4963855421686747 0.036057692307692304 0.05301204819277108
1 0.4579326923076923 0.4566265060240964 0.04567307692307692 0.05542168674698795
1 0.32211538461538464 0.4433734939759036 0.04326923076923077 0.05783132530120482
1 0.7668269230769231 0.5578313253012048 0.03365384615384615 0.04578313253012048