0 0.5973557692307693 0.3112980769230769 0.06971153846153846 0.0889423076923077
0 0.3581730769230769 0.3125 0.0673076923076923 0.08173076923076923
0 0.47596153846153844 0.32211538461538464 0.07211538461538461 0.08173076923076923
0 0.09375 0.34134615384615385 0.07692307692307693 0.08173076923076923
0 0.7536057692307693 0.3425480769230769 0.05048076923076923 0.06009615384615385
0 0.23918269230769232 0.3641826923076923 0.040865384615384616 0.04567307692307692
0 0.5985576923076923 0.03125 0.07211538461538461 0.0625
0 0.35697115384615385 0.028846153846153848 0.06971153846153846 0.057692307692307696
0 0.47475961538461536 0.02403846153846154 0.07451923076923077 0.04807692307692308
0 0.09254807692307693 0.014423076923076924 0.07932692307692307 0.028846153846153848
0 0.7548076923076923 0.008413461538461538 0.052884615384615384 0.016826923076923076