1 0.3313253012048193 0.3161057692307692 0.13734939759036144 0.19471153846153846
1 0.1614457831325301 0.30408653846153844 0.07228915662650602 0.19951923076923078
1 0.636144578313253 0.30528846153846156 0.14457831325301204 0.1971153846153846
1 0.4674698795180723 0.265625 0.13975903614457832 0.1658653846153846
1 0.27710843373493976 0.21875 0.11566265060240964 0.17307692307692307
1 0.5578313253012048 0.19471153846153846 0.11325301204819277 0.14423076923076922
1 0.7265060240963855 0.22596153846153846 0.1180722891566265 0.20192307692307693
1 0.21445783132530122 0.21394230769230768 0.09156626506024096 0.14423076923076922
1 0.15542168674698795 0.16105769230769232 0.060240963855421686 0.11057692307692307
1 0.4457831325301205 0.140625 0.0963855421686747 0.11778846153846154
1 0.8 0.22115384615384615 0.07228915662650602 0.15865384615384615
1 0.31204819277108437 0.1466346153846154 0.09397590361445783 0.10576923076923077
1 0.6783132530120481 0.05048076923076923 0.0746987951807229 0.07211538461538461
1 0.7506024096385542 0.09975961538461539 0.08433734939759036 0.10336538461538461
1 0.8409638554216867 0.19230769230769232 0.05783132530120482 0.16346153846153846
1 0.4036144578313253 0.07211538461538461 0.06987951807228916 0.09615384615384616
1 0.3566265060240964 0.12259615384615384 0.07228915662650602 0.11057692307692307
1 0.08433734939759036 0.30408653846153844 0.07228915662650602 0.19951923076923078
1 0.014457831325301205 0.21995192307692307 0.02891566265060241 0.17548076923076922
1 0.9783132530120482 0.22716346153846154 0.033734939759036145 0.20432692307692307
1 0.03975903614457831 0.21514423076923078 0.07951807228915662 0.1466346153846154
1 0.0927710843373494 0.16105769230769232 0.060240963855421686 0.11057692307692307
1 0.946987951807229 0.22115384615384615 0.07228915662650602 0.15865384615384615
1 0.9746987951807229 0.0985576923076923 0.04096385542168675 0.10576923076923077
1 0.9060240963855422 0.19230769230769232 0.05783132530120482 0.16346153846153846