1 0.296875 0.25903614457831325 0.12259615384615384 0.1710843373493976
1 0.6887019230769231 0.24096385542168675 0.11778846153846154 0.1493975903614458
2 0.703125 0.4939759036144578 0.3004807692307692 0.655421686746988
2 0.2920673076923077 0.5036144578313253 0.2283653846153846 0.6457831325301204
2 0.8725961538461539 0.4987951807228916 0.13942307692307693 0.3325301204819277
1 0.2980769230769231 0.0783132530120482 0.125 0.1566265060240964
1 0.6887019230769231 0.08674698795180723 0.11778846153846154 0.1493975903614458
2 0.7043269230769231 0.0819277108433735 0.30288461538461536 0.163855421686747
2 0.7043269230769231 0.9180722891566265 0.30288461538461536 0.15421686746987953
2 0.2932692307692308 0.0746987951807229 0.23076923076923078 0.1493975903614458
2 0.2932692307692308 0.9156626506024096 0.23076923076923078 0.15903614457831325