0 0.5348557692307693 0.3016826923076923 0.07451923076923077 0.08413461538461539
0 0.6105769230769231 0.31490384615384615 0.07211538461538461 0.09615384615384616
0 0.27163461538461536 0.36778846153846156 0.0673076923076923 0.08173076923076923
0 0.11899038461538461 0.3317307692307692 0.06971153846153846 0.10096153846153846
0 0.7884615384615384 0.33413461538461536 0.0673076923076923 0.09134615384615384
0 0.9242788461538461 0.30408653846153844 0.06490384615384616 0.08413461538461539
0 0.3858173076923077 0.3137019230769231 0.07451923076923077 0.0985576923076923
0 0.7367788461538461 0.30528846153846156 0.055288461538461536 0.08173076923076923
0 0.328125 0.3293269230769231 0.040865384615384616 0.057692307692307696
0 0.18509615384615385 0.3088942307692308 0.052884615384615384 0.06490384615384616
0 0.018028846153846152 0.33052884615384615 0.026442307692307692 0.06490384615384616
0 0.5360576923076923 0.010817307692307692 0.07692307692307693 0.021634615384615384
0 0.9254807692307693 0.009615384615384616 0.0673076923076923 0.019230769230769232
0 0.3870192307692308 0.008413461538461538 0.07692307692307693 0.016826923076923076
0 0.7379807692307693 0.008413461538461538 0.057692307692307696 0.016826923076923076