1 0.056490384615384616 0.37259615384615385 0.06971153846153846 0.09134615384615384
1 0.9543269230769231 0.4098557692307692 0.057692307692307696 0.07451923076923077
1 0.25 0.3918269230769231 0.057692307692307696 0.07211538461538461
1 0.15384615384615385 0.390625 0.057692307692307696 0.07451923076923077
1 0.3485576923076923 0.3918269230769231 0.052884615384615384 0.0673076923076923
1 0.5048076923076923 0.4050480769230769 0.052884615384615384 0.06490384615384616
1 0.7283653846153846 0.39903846153846156 0.057692307692307696 0.057692307692307696
1 0.8076923076923077 0.4266826923076923 0.052884615384615384 0.06009615384615385
1 0.41947115384615385 0.40865384615384615 0.055288461538461536 0.0673076923076923
1 0.8617788461538461 0.41346153846153844 0.04567307692307692 0.0625
1 0.5805288461538461 0.4026442307692308 0.04567307692307692 0.06009615384615385
1 0.6550480769230769 0.4266826923076923 0.04567307692307692 0.06009615384615385
1 0.057692307692307696 0.04447115384615385 0.07211538461538461 0.0889423076923077
1 0.953125 0.021634615384615384 0.06009615384615385 0.04326923076923077
1 0.24879807692307693 0.030048076923076924 0.06009615384615385 0.06009615384615385
1 0.15264423076923078 0.03125 0.06009615384615385 0.0625
1 0.3473557692307692 0.028846153846153848 0.055288461538461536 0.057692307692307696
1 0.5036057692307693 0.021634615384615384 0.055288461538461536 0.04326923076923077
1 0.7271634615384616 0.02283653846153846 0.06009615384615385 0.04567307692307692
1 0.8064903846153846 0.009615384615384616 0.055288461538461536 0.019230769230769232
1 0.4206730769230769 0.020432692307692308 0.057692307692307696 0.040865384615384616
1 0.8629807692307693 0.016826923076923076 0.04807692307692308 0.03365384615384615
1 0.5817307692307693 0.021634615384615384 0.04807692307692308 0.04326923076923077
1 0.65625 0.009615384615384616 0.04807692307692308 0.019230769230769232