1 0.7992788461538461 0.390625 0.06971153846153846 0.06490384615384616
1 0.10576923076923077 0.3641826923076923 0.057692307692307696 0.06971153846153846
1 0.359375 0.3701923076923077 0.06971153846153846 0.07692307692307693
1 0.7139423076923077 0.38822115384615385 0.0625 0.06971153846153846
1 0.5637019230769231 0.4014423076923077 0.06971153846153846 0.0625
1 0.6009615384615384 0.5540865384615384 0.04807692307692308 0.07932692307692307
1 0.16105769230769232 0.4182692307692308 0.052884615384615384 0.057692307692307696
1 0.859375 0.4050480769230769 0.055288461538461536 0.06009615384615385
1 0.9122596153846154 0.39903846153846156 0.04567307692307692 0.052884615384615384
1 0.6418269230769231 0.44471153846153844 0.08173076923076923 0.10576923076923077
1 0.4855769230769231 0.4495192307692308 0.04807692307692308 0.052884615384615384
1 0.49278846153846156 0.40625 0.038461538461538464 0.04807692307692308
1 0.8004807692307693 0.014423076923076924 0.07211538461538461 0.028846153846153848
1 0.1045673076923077 0.028846153846153848 0.06009615384615385 0.057692307692307696
1 0.3605769230769231 0.027644230769230768 0.07211538461538461 0.055288461538461536
1 0.7127403846153846 0.016826923076923076 0.06490384615384616 0.03365384615384615
1 0.5649038461538461 0.008413461538461538 0.07211538461538461 0.016826923076923076
1 0.8605769230769231 0.006009615384615385 0.057692307692307696 0.01201923076923077
1 0.9134615384615384 0.007211538461538462 0.04807692307692308 0.014423076923076924