1 0.6132530120481928 0.4483173076923077 0.060240963855421686 0.06971153846153846
1 0.8204819277108434 0.5024038461538461 0.06506024096385542 0.10576923076923077
1 0.30843373493975906 0.5721153846153846 0.033734939759036145 0.052884615384615384
1 0.39759036144578314 0.609375 0.05301204819277108 0.06490384615384616
1 0.4397590361445783 0.59375 0.05542168674698795 0.057692307692307696
1 0.46265060240963857 0.5228365384615384 0.033734939759036145 0.040865384615384616
1 0.6819277108433734 0.453125 0.04819277108433735 0.055288461538461536
0 0.7650602409638554 0.5252403846153846 0.10361445783132531 0.14182692307692307
0 0.736144578313253 0.4362980769230769 0.02650602409638554 0.03125
1 0.9216867469879518 0.5024038461538461 0.06506024096385542 0.10576923076923077
0 0.9590361445783132 0.5240384615384616 0.07228915662650602 0.14423076923076922