1 0.27163461538461536 0.6274038461538461 0.057692307692307696 0.07211538461538461
1 0.4423076923076923 0.5036057692307693 0.038461538461538464 0.05048076923076923
1 0.3870192307692308 0.484375 0.038461538461538464 0.04567307692307692
0 0.9711538461538461 0.6334134615384616 0.04326923076923077 0.04567307692307692
0 0.8786057692307693 0.6310096153846154 0.04567307692307692 0.05048076923076923
0 0.8076923076923077 0.5817307692307693 0.04326923076923077 0.04326923076923077
0 0.5925480769230769 0.38341346153846156 0.026442307692307692 0.026442307692307692
0 0.6274038461538461 0.5324519230769231 0.03365384615384615 0.036057692307692304
0 0.17427884615384615 0.4735576923076923 0.036057692307692304 0.038461538461538464
0 0.75 0.5456730769230769 0.03365384615384615 0.03365384615384615
0 0.7872596153846154 0.5288461538461539 0.036057692307692304 0.038461538461538464
0 0.6814903846153846 0.5372596153846154 0.036057692307692304 0.040865384615384616
0 0.7175480769230769 0.5060096153846154 0.040865384615384616 0.036057692307692304
0 0.578125 0.5120192307692307 0.040865384615384616 0.03365384615384615
0 0.6153846153846154 0.48197115384615385 0.038461538461538464 0.040865384615384616
0 0.5504807692307693 0.45913461538461536 0.03365384615384615 0.03365384615384615
0 0.43990384615384615 0.4254807692307692 0.03365384615384615 0.038461538461538464
0 0.3401442307692308 0.39663461538461536 0.03125 0.03365384615384615
0 0.6622596153846154 0.5132211538461539 0.03125 0.040865384615384616
0 0.8028846153846154 0.3545673076923077 0.02403846153846154 0.03125