1 0.9471153846153846 0.572289156626506 0.08173076923076923 0.09397590361445783
1 0.21634615384615385 0.3 0.057692307692307696 0.06506024096385542
1 0.5805288461538461 0.28313253012048195 0.04567307692307692 0.04578313253012048
1 0.5012019230769231 0.3036144578313253 0.036057692307692304 0.05301204819277108
0 0.22716346153846154 0.6301204819277109 0.09375 0.09397590361445783
0 0.33533653846153844 0.6180722891566265 0.07932692307692307 0.09397590361445783
0 0.7944711538461539 0.5843373493975904 0.08413461538461539 0.0746987951807229
0 0.8894230769230769 0.5819277108433735 0.0673076923076923 0.07951807228915662
1 0.21754807692307693 0.03132530120481928 0.06009615384615385 0.06265060240963856
1 0.5805288461538461 0.046987951807228916 0.04567307692307692 0.04578313253012048
1 0.5012019230769231 0.02530120481927711 0.036057692307692304 0.05060240963855422