0 0.234375 0.3746987951807229 0.07451923076923077 0.10843373493975904
0 0.39302884615384615 0.3855421686746988 0.09375 0.1108433734939759
0 0.9098557692307693 0.37710843373493974 0.12740384615384615 0.1566265060240964
0 0.6394230769230769 0.41204819277108434 0.057692307692307696 0.07710843373493977
0 0.5649038461538461 0.372289156626506 0.10096153846153846 0.1180722891566265
0 0.7536057692307693 0.38795180722891565 0.09375 0.13012048192771083
0 0.9663461538461539 0.3397590361445783 0.052884615384615384 0.15903614457831325
0 0.1141826923076923 0.43132530120481927 0.04567307692307692 0.05783132530120482
0 0.48677884615384615 0.43012048192771085 0.040865384615384616 0.05060240963855422
0 0.8137019230769231 0.43012048192771085 0.055288461538461536 0.0746987951807229
0 0.3125 0.43373493975903615 0.038461538461538464 0.05301204819277108
0 0.9086538461538461 0.01566265060240964 0.12980769230769232 0.03132530120481928
0 0.9675480769230769 0.03493975903614458 0.055288461538461536 0.06987951807228916