0 0.28125 0.3421686746987952 0.12980769230769232 0.18313253012048192
0 0.7355769230769231 0.43614457831325304 0.12980769230769232 0.17349397590361446
0 0.4675480769230769 0.39518072289156625 0.11778846153846154 0.15421686746987953
0 0.8473557692307693 0.3397590361445783 0.12740384615384615 0.1686746987951807
0 0.7247596153846154 0.3469879518072289 0.10336538461538461 0.10120481927710843
0 0.16466346153846154 0.35903614457831323 0.10336538461538461 0.12048192771084337
0 0.05889423076923077 0.3337349397590361 0.11778846153846154 0.16626506024096385
0 0.6502403846153846 0.39879518072289155 0.07451923076923077 0.13253012048192772
0 0.9495192307692307 0.336144578313253 0.08653846153846154 0.17590361445783131
0 0.5240384615384616 0.372289156626506 0.0625 0.14216867469879518
0 0.34615384615384615 0.3783132530120482 0.0673076923076923 0.15421686746987953
0 0.2824519230769231 0.07590361445783132 0.13221153846153846 0.15180722891566265
0 0.7367788461538461 0.02650602409638554 0.13221153846153846 0.05301204819277108
0 0.46634615384615385 0.04216867469879518 0.1201923076923077 0.08433734939759036
0 0.8461538461538461 0.07349397590361446 0.12980769230769232 0.14698795180722893
0 0.7247596153846154 0.05301204819277108 0.10336538461538461 0.10120481927710843
0 0.16346153846153846 0.051807228915662654 0.10576923076923077 0.10361445783132531
0 0.05889423076923077 0.07590361445783132 0.11778846153846154 0.15180722891566265
0 0.6490384615384616 0.03493975903614458 0.07692307692307693 0.06987951807228916
0 0.9507211538461539 0.07710843373493977 0.0889423076923077 0.15421686746987953
0 0.5252403846153846 0.05060240963855422 0.06490384615384616 0.10120481927710843
0 0.3473557692307692 0.05060240963855422 0.06971153846153846 0.10120481927710843