1 0.17668269230769232 0.43132530120481927 0.06971153846153846 0.0819277108433735
1 0.515625 0.4457831325301205 0.04567307692307692 0.05783132530120482
1 0.7728365384615384 0.46265060240963857 0.06490384615384616 0.05783132530120482
1 0.2668269230769231 0.43253012048192774 0.04326923076923077 0.060240963855421686
1 0.39903846153846156 0.46626506024096387 0.038461538461538464 0.04096385542168675
1 0.5661057692307693 0.4686746987951807 0.03125 0.04096385542168675
1 0.6514423076923077 0.4650602409638554 0.038461538461538464 0.043373493975903614
1 0.7223557692307693 0.4807228915662651 0.040865384615384616 0.04578313253012048
1 0.8485576923076923 0.4734939759036145 0.03365384615384615 0.04578313253012048
1 0.8786057692307693 0.4746987951807229 0.036057692307692304 0.04819277108433735
1 0.9783653846153846 0.4506024096385542 0.03365384615384615 0.05783132530120482