1 0.12379807692307693 0.27590361445783135 0.08413461538461539 0.0891566265060241
1 0.22235576923076922 0.25421686746987954 0.0889423076923077 0.10361445783132531
1 0.7740384615384616 0.3 0.11057692307692307 0.12289156626506025
1 0.35096153846153844 0.3 0.10576923076923077 0.1180722891566265
1 0.5276442307692307 0.3 0.10817307692307693 0.1180722891566265
1 0.7103365384615384 0.2469879518072289 0.055288461538461536 0.06987951807228916
1 0.9086538461538461 0.19879518072289157 0.028846153846153848 0.04096385542168675
0 0.5540865384615384 0.21566265060240963 0.036057692307692304 0.05060240963855422
0 0.6730769230769231 0.19759036144578312 0.03365384615384615 0.033734939759036145
1 0.12379807692307693 0.06385542168674699 0.08413461538461539 0.0891566265060241
1 0.22235576923076922 0.0855421686746988 0.0889423076923077 0.10361445783132531
1 0.7752403846153846 0.05060240963855422 0.11298076923076923 0.10120481927710843
1 0.35216346153846156 0.04939759036144578 0.10817307692307693 0.09879518072289156
1 0.5264423076923077 0.04939759036144578 0.11057692307692307 0.09879518072289156
1 0.7103365384615384 0.0927710843373494 0.055288461538461536 0.06987951807228916
1 0.9086538461538461 0.14096385542168674 0.028846153846153848 0.04096385542168675
0 0.5540865384615384 0.12409638554216867 0.036057692307692304 0.05060240963855422
0 0.6730769230769231 0.13975903614457832 0.03365384615384615 0.033734939759036145