0 0.9459134615384616 0.5228915662650603 0.055288461538461536 0.05783132530120482
0 0.8497596153846154 0.5072289156626506 0.07451923076923077 0.09879518072289156
0 0.7536057692307693 0.5204819277108433 0.05048076923076923 0.05783132530120482
0 0.6947115384615384 0.5156626506024097 0.0673076923076923 0.0819277108433735
1 0.625 0.5301204819277109 0.03365384615384615 0.05301204819277108
0 0.5889423076923077 0.5120481927710844 0.052884615384615384 0.06987951807228916
0 0.5516826923076923 0.5204819277108433 0.03125 0.04819277108433735
1 0.4795673076923077 0.5337349397590362 0.021634615384615384 0.04578313253012048
0 0.4495192307692308 0.5337349397590362 0.04326923076923077 0.05542168674698795
1 0.37259615384615385 0.5180722891566265 0.04326923076923077 0.06265060240963856
1 0.24278846153846154 0.5337349397590362 0.04326923076923077 0.05060240963855422