1 0.08774038461538461 0.3473557692307692 0.11298076923076923 0.14182692307692307
1 0.9507211538461539 0.3942307692307692 0.08413461538461539 0.09134615384615384
1 0.36778846153846156 0.37740384615384615 0.052884615384615384 0.09134615384615384
1 0.2536057692307692 0.3894230769230769 0.055288461538461536 0.08653846153846154
1 0.6971153846153846 0.3954326923076923 0.052884615384615384 0.06971153846153846
1 0.7860576923076923 0.3954326923076923 0.04807692307692308 0.06971153846153846
0 0.828125 0.37740384615384615 0.05048076923076923 0.0673076923076923
0 0.20072115384615385 0.38100961538461536 0.055288461538461536 0.0889423076923077
0 0.5588942307692307 0.40865384615384615 0.04567307692307692 0.07211538461538461
0 0.44711538461538464 0.39783653846153844 0.04326923076923077 0.07451923076923077
0 0.5024038461538461 0.38100961538461536 0.038461538461538464 0.06490384615384616
1 0.75 0.3581730769230769 0.03365384615384615 0.04807692307692308
0 0.6033653846153846 0.390625 0.04326923076923077 0.06490384615384616