1 0.19230769230769232 0.43132530120481927 0.04807692307692308 0.05783132530120482
1 0.7620192307692307 0.43253012048192774 0.04326923076923077 0.05060240963855422
1 0.12860576923076922 0.41325301204819276 0.05048076923076923 0.060240963855421686
1 0.2932692307692308 0.42289156626506025 0.038461538461538464 0.05542168674698795
1 0.3762019230769231 0.43012048192771085 0.040865384615384616 0.05542168674698795
1 0.41466346153846156 0.43855421686746987 0.03125 0.043373493975903614
1 0.47716346153846156 0.4397590361445783 0.026442307692307692 0.03614457831325301
1 0.5072115384615384 0.42650602409638555 0.03365384615384615 0.04819277108433735
1 0.5432692307692307 0.43493975903614457 0.02403846153846154 0.05060240963855422
1 0.5721153846153846 0.42530120481927713 0.038461538461538464 0.05542168674698795
1 0.6057692307692307 0.43855421686746987 0.03365384615384615 0.04819277108433735
1 0.6694711538461539 0.43373493975903615 0.040865384615384616 0.05301204819277108
1 0.7175480769230769 0.43253012048192774 0.040865384615384616 0.05060240963855422