1 0.47836538461538464 0.5745192307692307 0.08173076923076923 0.09134615384615384
1 0.12259615384615384 0.5805288461538461 0.07692307692307693 0.09375
1 0.28125 0.5805288461538461 0.07692307692307693 0.07451923076923077
1 0.6225961538461539 0.6394230769230769 0.0673076923076923 0.08173076923076923
1 0.3173076923076923 0.5757211538461539 0.038461538461538464 0.07932692307692307
0 0.39903846153846156 0.3245192307692308 0.07692307692307693 0.07211538461538461
0 0.6706730769230769 0.6117788461538461 0.04326923076923077 0.04567307692307692
0 0.5829326923076923 0.6334134615384616 0.036057692307692304 0.06490384615384616
0 0.16706730769230768 0.6298076923076923 0.05048076923076923 0.0673076923076923
1 0.036057692307692304 0.5793269230769231 0.07211538461538461 0.09615384615384616
0 0.007211538461538462 0.6310096153846154 0.014423076923076924 0.06971153846153846