1 0.47115384615384615 0.35180722891566263 0.0673076923076923 0.05783132530120482
1 0.6033653846153846 0.42650602409638555 0.0625 0.06746987951807229
1 0.24639423076923078 0.3795180722891566 0.05048076923076923 0.04096385542168675
1 0.23557692307692307 0.3168674698795181 0.04807692307692308 0.04578313253012048
1 0.28846153846153844 0.3240963855421687 0.038461538461538464 0.04096385542168675
1 0.3918269230769231 0.3855421686746988 0.038461538461538464 0.03855421686746988
1 0.5384615384615384 0.35180722891566263 0.04807692307692308 0.05301204819277108
1 0.4723557692307692 0.01566265060240964 0.06971153846153846 0.03132530120481928
1 0.23557692307692307 0.03734939759036145 0.04807692307692308 0.04578313253012048
1 0.28846153846153844 0.030120481927710843 0.038461538461538464 0.04096385542168675
1 0.5396634615384616 0.014457831325301205 0.05048076923076923 0.02891566265060241