0 0.9194711538461539 0.37710843373493974 0.06490384615384616 0.06506024096385542
0 0.890625 0.4072289156626506 0.036057692307692304 0.043373493975903614
0 0.8581730769230769 0.4072289156626506 0.028846153846153848 0.03855421686746988
0 0.7716346153846154 0.3783132530120482 0.04326923076923077 0.04819277108433735
1 0.7379807692307693 0.39036144578313253 0.03365384615384615 0.04819277108433735
0 0.6742788461538461 0.3963855421686747 0.03125 0.05060240963855422
0 0.6490384615384616 0.39397590361445783 0.03365384615384615 0.03614457831325301
0 0.5649038461538461 0.38674698795180723 0.028846153846153848 0.03614457831325301
0 0.5360576923076923 0.39759036144578314 0.028846153846153848 0.033734939759036145
0 0.4723557692307692 0.3963855421686747 0.036057692307692304 0.03614457831325301
0 0.4411057692307692 0.4108433734939759 0.026442307692307692 0.03614457831325301
0 0.4050480769230769 0.41325301204819276 0.026442307692307692 0.03614457831325301
0 0.30528846153846156 0.40843373493975904 0.02403846153846154 0.03614457831325301
0 0.15384615384615385 0.38072289156626504 0.028846153846153848 0.03855421686746988
0 0.17908653846153846 0.38313253012048193 0.021634615384615384 0.02891566265060241
0 0.9194711538461539 0.07349397590361446 0.06490384615384616 0.06506024096385542
0 0.890625 0.04096385542168675 0.036057692307692304 0.043373493975903614
0 0.8581730769230769 0.04096385542168675 0.028846153846153848 0.03855421686746988
0 0.7716346153846154 0.06987951807228916 0.04326923076923077 0.04819277108433735
1 0.7379807692307693 0.05783132530120482 0.03365384615384615 0.04819277108433735
0 0.6742788461538461 0.05421686746987952 0.03125 0.05060240963855422
0 0.6490384615384616 0.056626506024096385 0.03365384615384615 0.03614457831325301
0 0.5649038461538461 0.06385542168674699 0.028846153846153848 0.03614457831325301
0 0.5360576923076923 0.05060240963855422 0.028846153846153848 0.033734939759036145
0 0.4723557692307692 0.05421686746987952 0.036057692307692304 0.03614457831325301
0 0.4411057692307692 0.03975903614457831 0.026442307692307692 0.03614457831325301
0 0.4050480769230769 0.03734939759036145 0.026442307692307692 0.03614457831325301
0 0.30528846153846156 0.04216867469879518 0.02403846153846154 0.03614457831325301
0 0.15384615384615385 0.06746987951807229 0.028846153846153848 0.03855421686746988
0 0.17908653846153846 0.06506024096385542 0.021634615384615384 0.02891566265060241