1 0.6983173076923077 0.40625 0.07932692307692307 0.09134615384615384
1 0.5973557692307693 0.3942307692307692 0.06009615384615385 0.08173076923076923
1 0.7944711538461539 0.375 0.10336538461538461 0.11538461538461539
1 0.4579326923076923 0.40625 0.05048076923076923 0.0625
1 0.27283653846153844 0.4026442307692308 0.09375 0.10817307692307693
1 0.5240384615384616 0.39663461538461536 0.04807692307692308 0.07211538461538461
1 0.9723557692307693 0.4074519230769231 0.05048076923076923 0.06490384615384616
1 0.6995192307692307 0.03485576923076923 0.08173076923076923 0.06971153846153846
1 0.5985576923076923 0.038461538461538464 0.0625 0.07692307692307693
1 0.7956730769230769 0.056490384615384616 0.10576923076923077 0.11298076923076923
1 0.45913461538461536 0.027644230769230768 0.052884615384615384 0.055288461538461536
1 0.27403846153846156 0.040865384615384616 0.09615384615384616 0.08173076923076923
1 0.5228365384615384 0.03485576923076923 0.05048076923076923 0.06971153846153846
1 0.9735576923076923 0.027644230769230768 0.052884615384615384 0.055288461538461536