1 0.11538461538461539 0.3180722891566265 0.0625 0.08674698795180723
1 0.7379807692307693 0.3349397590361446 0.0625 0.08674698795180723
1 0.5120192307692307 0.3530120481927711 0.04326923076923077 0.06987951807228916
1 0.4375 0.36265060240963853 0.04807692307692308 0.060240963855421686
1 0.6370192307692307 0.3602409638554217 0.04326923076923077 0.060240963855421686
1 0.8016826923076923 0.3674698795180723 0.026442307692307692 0.05542168674698795
1 0.984375 0.39156626506024095 0.03125 0.04578313253012048
1 0.15625 0.35903614457831323 0.019230769230769232 0.02891566265060241
1 0.1141826923076923 0.027710843373493974 0.06490384615384616 0.05542168674698795
1 0.7367788461538461 0.01927710843373494 0.06490384615384616 0.03855421686746988
1 0.5108173076923077 0.006024096385542169 0.04567307692307692 0.012048192771084338