1 0.7271634615384616 0.40240963855421685 0.05048076923076923 0.04819277108433735
1 0.15144230769230768 0.5301204819277109 0.04807692307692308 0.04819277108433735
1 0.6478365384615384 0.42650602409638555 0.036057692307692304 0.05301204819277108
1 0.7608173076923077 0.42168674698795183 0.036057692307692304 0.05301204819277108
1 0.9098557692307693 0.3506024096385542 0.04567307692307692 0.04578313253012048
1 0.7271634615384616 0.16626506024096385 0.05048076923076923 0.04819277108433735
1 0.15144230769230768 0.03855421686746988 0.04807692307692308 0.04819277108433735
1 0.15144230769230768 0.8939759036144578 0.04807692307692308 0.04819277108433735
1 0.6478365384615384 0.14216867469879518 0.036057692307692304 0.05301204819277108
1 0.6466346153846154 0.983132530120482 0.038461538461538464 0.024096385542168676
1 0.7608173076923077 0.14698795180722893 0.036057692307692304 0.05301204819277108
1 0.7596153846153846 0.9855421686746988 0.038461538461538464 0.01927710843373494
1 0.9098557692307693 0.22048192771084338 0.04567307692307692 0.04578313253012048