1 0.5048076923076923 0.39518072289156625 0.08173076923076923 0.12530120481927712
1 0.9435096153846154 0.3530120481927711 0.11298076923076923 0.20963855421686747
1 0.3713942307692308 0.43132530120481927 0.11298076923076923 0.1493975903614458
1 0.16706730769230768 0.3891566265060241 0.07932692307692307 0.12289156626506025
0 0.30649038461538464 0.3674698795180723 0.08413461538461539 0.09397590361445783
0 0.7692307692307693 0.4493975903614458 0.12980769230769232 0.1614457831325301
0 0.59375 0.4 0.08653846153846154 0.12048192771084337
0 0.09375 0.42771084337349397 0.12980769230769232 0.1614457831325301
0 0.7764423076923077 0.38674698795180723 0.07211538461538461 0.08433734939759036
1 0.6766826923076923 0.42168674698795183 0.026442307692307692 0.03855421686746988
1 0.9423076923076923 0.04096385542168675 0.11538461538461539 0.0819277108433735