0 0.08052884615384616 0.3894230769230769 0.08413461538461539 0.10096153846153846
0 0.28725961538461536 0.39783653846153844 0.07932692307692307 0.0985576923076923
0 0.7632211538461539 0.48197115384615385 0.10336538461538461 0.11778846153846154
0 0.41225961538461536 0.4026442307692308 0.07451923076923077 0.10817307692307693
0 0.8569711538461539 0.3918269230769231 0.13701923076923078 0.20192307692307693
0 0.5612980769230769 0.4098557692307692 0.09375 0.11298076923076923
0 0.6682692307692307 0.4891826923076923 0.10576923076923077 0.12740384615384615
0 0.4567307692307692 0.40865384615384615 0.04807692307692308 0.08173076923076923
0 0.9507211538461539 0.4014423076923077 0.09375 0.21634615384615385
0 0.34134615384615385 0.44591346153846156 0.04326923076923077 0.06490384615384616
0 0.18629807692307693 0.4423076923076923 0.026442307692307692 0.03365384615384615
0 0.08173076923076923 0.009615384615384616 0.08653846153846154 0.019230769230769232
0 0.8581730769230769 0.03365384615384615 0.13942307692307693 0.0673076923076923
0 0.9519230769230769 0.03245192307692308 0.09615384615384616 0.06490384615384616