1 0.9038461538461539 0.3161057692307692 0.057692307692307696 0.06490384615384616
0 0.23557692307692307 0.29447115384615385 0.07211538461538461 0.09375
0 0.8317307692307693 0.28725961538461536 0.0625 0.06971153846153846
0 0.5757211538461539 0.25961538461538464 0.07451923076923077 0.09615384615384616
0 0.09495192307692307 0.265625 0.06009615384615385 0.07932692307692307
0 0.4375 0.29927884615384615 0.057692307692307696 0.07932692307692307
0 0.33774038461538464 0.3269230769230769 0.055288461538461536 0.07211538461538461
0 0.6826923076923077 0.31971153846153844 0.057692307692307696 0.07692307692307693
1 0.7211538461538461 0.3233173076923077 0.028846153846153848 0.04567307692307692
0 0.47596153846153844 0.31490384615384615 0.03365384615384615 0.057692307692307696
0 0.05048076923076923 0.30288461538461536 0.057692307692307696 0.0673076923076923
0 0.6225961538461539 0.3076923076923077 0.04326923076923077 0.057692307692307696
1 0.9026442307692307 0.027644230769230768 0.06009615384615385 0.055288461538461536
0 0.234375 0.04567307692307692 0.07451923076923077 0.09134615384615384
0 0.8317307692307693 0.051682692307692304 0.0625 0.06971153846153846
0 0.5757211538461539 0.07692307692307693 0.07451923076923077 0.09615384615384616
0 0.09495192307692307 0.0733173076923077 0.06009615384615385 0.07932692307692307
0 0.4375 0.039663461538461536 0.057692307692307696 0.07932692307692307
0 0.3389423076923077 0.02403846153846154 0.057692307692307696 0.04807692307692308
0 0.6814903846153846 0.028846153846153848 0.06009615384615385 0.057692307692307696
1 0.7199519230769231 0.019230769230769232 0.03125 0.038461538461538464
0 0.47475961538461536 0.026442307692307692 0.036057692307692304 0.052884615384615384
0 0.05048076923076923 0.03365384615384615 0.057692307692307696 0.0673076923076923
0 0.6225961538461539 0.028846153846153848 0.04326923076923077 0.057692307692307696