1 0.8629807692307693 0.3301204819277108 0.07211538461538461 0.08674698795180723
1 0.2512019230769231 0.3240963855421687 0.07932692307692307 0.09397590361445783
1 0.5516826923076923 0.344578313253012 0.055288461538461536 0.07228915662650602
1 0.7175480769230769 0.3530120481927711 0.055288461538461536 0.06506024096385542
1 0.40024038461538464 0.3337349397590361 0.05048076923076923 0.0746987951807229
1 0.4483173076923077 0.3421686746987952 0.040865384615384616 0.06265060240963856
1 0.78125 0.344578313253012 0.04326923076923077 0.05783132530120482
1 0.5060096153846154 0.3566265060240964 0.040865384615384616 0.06265060240963856
1 0.6105769230769231 0.344578313253012 0.04807692307692308 0.05783132530120482
1 0.8641826923076923 0.021686746987951807 0.07451923076923077 0.043373493975903614
1 0.25 0.02650602409638554 0.08173076923076923 0.05301204819277108
1 0.5504807692307693 0.010843373493975903 0.057692307692307696 0.021686746987951807
1 0.39903846153846156 0.016867469879518072 0.052884615384615384 0.033734939759036145
1 0.44711538461538464 0.00963855421686747 0.04326923076923077 0.01927710843373494
1 0.7824519230769231 0.007228915662650603 0.04567307692307692 0.014457831325301205
1 0.6117788461538461 0.007228915662650603 0.05048076923076923 0.014457831325301205