1 0.171875 0.5408653846153846 0.06971153846153846 0.07692307692307693
0 0.6454326923076923 0.4831730769230769 0.05048076923076923 0.0673076923076923
0 0.7560096153846154 0.45913461538461536 0.05048076923076923 0.0625
0 0.9375 0.5036057692307693 0.125 0.2764423076923077
0 0.859375 0.46033653846153844 0.040865384615384616 0.06490384615384616
0 0.6959134615384616 0.484375 0.04567307692307692 0.06490384615384616
0 0.53125 0.46875 0.03365384615384615 0.04326923076923077
0 0.5216346153846154 0.5012019230769231 0.04807692307692308 0.05048076923076923
0 0.3629807692307692 0.5384615384615384 0.04807692307692308 0.04326923076923077
0 0.2920673076923077 0.5324519230769231 0.05048076923076923 0.05048076923076923
0 0.056490384615384616 0.5036057692307693 0.040865384615384616 0.04567307692307692