1 0.09975961538461539 0.24096385542168675 0.09375 0.1108433734939759
1 0.1778846153846154 0.5698795180722892 0.12980769230769232 0.14216867469879518
1 0.45913461538461536 0.2397590361445783 0.057692307692307696 0.06987951807228916
1 0.6490384615384616 0.25783132530120484 0.0673076923076923 0.07228915662650602
1 0.8425480769230769 0.3746987951807229 0.06490384615384616 0.060240963855421686
1 0.21634615384615385 0.27951807228915665 0.04807692307692308 0.05783132530120482
1 0.11658653846153846 0.40602409638554215 0.06009615384615385 0.0891566265060241
1 0.3245192307692308 0.42168674698795183 0.057692307692307696 0.05783132530120482
1 0.3088942307692308 0.25662650602409637 0.04567307692307692 0.05542168674698795
1 0.6225961538461539 0.30120481927710846 0.038461538461538464 0.05301204819277108
1 0.6454326923076923 0.38072289156626504 0.09375 0.0963855421686747
1 0.09975961538461539 0.07228915662650602 0.09375 0.1108433734939759
1 0.45913461538461536 0.07590361445783132 0.057692307692307696 0.06987951807228916
1 0.6490384615384616 0.05542168674698795 0.0673076923076923 0.07228915662650602
1 0.21634615384615385 0.033734939759036145 0.04807692307692308 0.05783132530120482
1 0.3088942307692308 0.05903614457831325 0.04567307692307692 0.05542168674698795
1 0.6213942307692307 0.020481927710843374 0.040865384615384616 0.04096385542168675