1 0.8882211538461539 0.3265060240963855 0.03125 0.04578313253012048
1 0.7055288461538461 0.4650602409638554 0.03125 0.03855421686746988
1 0.5685096153846154 0.3397590361445783 0.021634615384615384 0.043373493975903614
1 0.17067307692307693 0.43373493975903615 0.03365384615384615 0.033734939759036145
1 0.35096153846153844 0.4855421686746988 0.03365384615384615 0.03614457831325301
1 0.4254807692307692 0.3783132530120482 0.03365384615384615 0.033734939759036145
1 0.5432692307692307 0.39879518072289155 0.03365384615384615 0.02650602409638554
1 0.5096153846153846 0.3614457831325301 0.03365384615384615 0.02891566265060241
1 0.5072115384615384 0.39036144578313253 0.03365384615384615 0.03855421686746988
1 0.3449519230769231 0.6903614457831325 0.026442307692307692 0.04578313253012048
1 0.8894230769230769 0.0036144578313253013 0.03365384615384615 0.007228915662650603
1 0.34615384615384615 0.9819277108433735 0.028846153846153848 0.02650602409638554