1 0.6983173076923077 0.29447115384615385 0.08413461538461539 0.12740384615384615
1 0.5649038461538461 0.3137019230769231 0.0673076923076923 0.08413461538461539
1 0.2283653846153846 0.3233173076923077 0.07692307692307693 0.10817307692307693
1 0.7512019230769231 0.3161057692307692 0.055288461538461536 0.08413461538461539
1 0.3401442307692308 0.27403846153846156 0.09375 0.13942307692307693
1 0.9519230769230769 0.22355769230769232 0.09615384615384616 0.14423076923076922
1 0.051682692307692304 0.296875 0.09375 0.14182692307692307
1 0.27524038461538464 0.31009615384615385 0.05048076923076923 0.08173076923076923
1 0.6514423076923077 0.3233173076923077 0.04326923076923077 0.06490384615384616
1 0.34134615384615385 0.021634615384615384 0.09615384615384616 0.04326923076923077
1 0.9519230769230769 0.046875 0.09615384615384616 0.09375