1 0.6899038461538461 0.7211538461538461 0.03365384615384615 0.038461538461538464
1 0.19110576923076922 0.49759615384615385 0.036057692307692304 0.03365384615384615
1 0.5769230769230769 0.6237980769230769 0.03365384615384615 0.021634615384615384
1 0.6826923076923077 0.6262019230769231 0.038461538461538464 0.036057692307692304
1 0.5901442307692307 0.5949519230769231 0.03125 0.03125
1 0.5300480769230769 0.42908653846153844 0.036057692307692304 0.036057692307692304
1 0.40865384615384615 0.33653846153846156 0.038461538461538464 0.03365384615384615
1 0.40625 0.43028846153846156 0.038461538461538464 0.038461538461538464
1 0.5372596153846154 0.3173076923076923 0.026442307692307692 0.028846153846153848
1 0.5036057692307693 0.30288461538461536 0.036057692307692304 0.03365384615384615
1 0.4579326923076923 0.296875 0.03125 0.040865384615384616
1 0.6899038461538461 0.9423076923076923 0.03365384615384615 0.038461538461538464
1 0.5384615384615384 0.008413461538461538 0.028846153846153848 0.016826923076923076
1 0.5036057692307693 0.015625 0.036057692307692304 0.03125
1 0.4579326923076923 0.02283653846153846 0.03125 0.040865384615384616