1 0.9867788461538461 0.5445783132530121 0.026442307692307692 0.043373493975903614
1 0.9375 0.5457831325301205 0.038461538461538464 0.04096385542168675
1 0.8786057692307693 0.5963855421686747 0.04567307692307692 0.04578313253012048
1 0.5408653846153846 0.5277108433734939 0.04326923076923077 0.05301204819277108
1 0.6322115384615384 0.5698795180722892 0.03365384615384615 0.04096385542168675
1 0.7632211538461539 0.5445783132530121 0.03125 0.033734939759036145
1 0.8305288461538461 0.5662650602409639 0.03125 0.043373493975903614
1 0.18990384615384615 0.6132530120481928 0.038461538461538464 0.04096385542168675
1 0.1201923076923077 0.4650602409638554 0.03365384615384615 0.03855421686746988
1 0.2247596153846154 0.4855421686746988 0.040865384615384616 0.04096385542168675
1 0.3125 0.5108433734939759 0.03365384615384615 0.043373493975903614
1 0.43990384615384615 0.5216867469879518 0.04807692307692308 0.05060240963855422
1 0.4723557692307692 0.5240963855421686 0.036057692307692304 0.04578313253012048
1 0.8533653846153846 0.5349397590361445 0.028846153846153848 0.03855421686746988
1 0.8088942307692307 0.5337349397590362 0.03125 0.03614457831325301
1 0.7908653846153846 0.5457831325301205 0.03365384615384615 0.04096385542168675
0 0.59375 0.572289156626506 0.028846153846153848 0.03614457831325301
0 0.3762019230769231 0.5072289156626506 0.040865384615384616 0.04578313253012048