0 0.3575400763472175 0.19686031392534606 0.16037976114786492 0.16068189273291536
0 0.5994429891042368 0.05382740423266713 0.18236402179152655 0.10765480846533426
0 0.814468147498655 0.3498752908773509 0.17386310694082036 0.17576475879399167
0 0.5404896981190737 0.34660586709984637 0.24407705397461327 0.24674668061464217
0 0.22270199253530598 0.6032534483233117 0.22579694753799595 0.22971867728066223
0 0.5755099182817753 0.5123107443708104 0.14867743664223276 0.14885157242947358
0 0.7719264603522192 0.6360997043630517 0.14555243664223258 0.1485964809142047
0 0.5589023004451917 0.7498107443708103 0.12214778763096845 0.12493584030732112
0 0.2117637645789341 0.38198422620309885 0.2556701178365837 0.2570145009180839
0 0.38241657407830365 0.8519944819529748 0.11535148441265974 0.11661315727678315
0 0.40775968956909886 0.5228969133165229 0.09696211733238069 0.09802265394280311
0 0.3771988323761769 0.7599823251352337 0.12371028763096845 0.12506338606495576
0 0.8643795742535307 0.03144260801599064 0.2243658514929386 0.06288521603198129
0 0.5705278513177119 0.6502093570979067 0.1676023992633658 0.10844971303635713
0 0.37396420775432915 0.6507188954386754 0.15332137797604234 0.10417680121764636
0 0.34726313006972936 0.06277145378332352 0.2304737398605413 0.12554290756664704
0 0.593351890209188 0.16828967740134848 0.1705195856534969 0.1723846672787226