0 0.5797493988345721 0.7529770651393745 0.21475695916315996 0.11919957195929083
0 0.32725433749449395 0.9254129530620998 0.2306002139724833 0.1261773180303493
0 0.08597838965963835 0.5709781259310134 0.1719567793192767 0.17988020678164424
0 0.37737591090028966 0.5845674751880063 0.2553869375636134 0.25524838792272553
0 0.7102975714220612 0.32024799421354094 0.2344742368379741 0.23711481803034937
0 0.3337325822218344 0.4048650126153938 0.1520585517214313 0.15527831306795062
0 0.11712297949676194 0.26441775682442553 0.15200398801910048 0.15371581306795062
0 0.3426264657017638 0.15017751261539378 0.16243056733052796 0.09492300992479744
0 0.7300470431142747 0.5587818012856355 0.26363594718226047 0.2681122609582548
0 0.528767351543946 0.053818397023462604 0.11971727767481415 0.10763679404692521
0 0.5140922048171725 0.39958454549466726 0.10182044954451293 0.10145980024766903
0 0.5377752745947714 0.14576818672716163 0.12941965988879928 0.1323844685684686
0 0.06996025890085665 0.9307169989665427 0.1399205178017133 0.13667386228216216
0 0.3334473839432657 0.2566822237402643 0.17698414065150558 0.1096404813887502
0 0.5453744650687916 0.2631911271738677 0.16130457694917483 0.10735023531769157
0 0.5967409474759605 0.8918019706398923 0.18832343393541642 0.1663271290313851
0 0.3270509847694215 0.7748864141869705 0.17782244355406326 0.17831770678164424