0 0.9703125 0.340625 0.059375 0.0375
0 0.04609375 0.96875 0.0921875 0.059375
0 0.2859375 0.95390625 0.1375 0.0921875
0 0.8625 0.071875 0.0625 0.021875
0 0.71328125 0.95234375 0.1421875 0.0953125
0 0.75234375 0.1703125 0.0703125 0.03125
0 0.59609375 0.1140625 0.0671875 0.028125
0 0.4890625 0.7265625 0.125 0.09375
0 0.70234375 0.41875 0.0921875 0.028125
0 0.84296875 0.33828125 0.0828125 0.0453125
0 0.08671875 0.59140625 0.1109375 0.0734375
0 0.84375 0.12578125 0.065625 0.0296875
0 0.4171875 0.55859375 0.10625 0.0640625
0 0.809375 0.58828125 0.134375 0.0640625
0 0.34765625 0.09765625 0.0640625 0.0296875
0 0.43515625 0.14765625 0.0765625 0.0296875
0 0.35703125 0.1484375 0.0671875 0.03125
0 0.9734375 0.178125 0.053125 0.03125
0 0.2453125 0.55703125 0.10625 0.0703125
0 0.05546875 0.0765625 0.0734375 0.03125
0 0.5875 0.540625 0.109375 0.0625