0 0.34901938145888894 0.021537550644501018 0.04476829255305557 0.043075101289002035
0 0.9697741714464932 0.7302156392027788 0.06045165710701354 0.09932838534372675
0 0.06713556145475705 0.13128581532463676 0.04476829255305559 0.04425907733927246
0 0.9629383707253126 0.27945257053632416 0.07412325854937478 0.10405224801081765
0 0.17375119699770852 0.24648300664386466 0.05592399810013893 0.053761346674090583
0 0.11821297786725729 0.4120176473185916 0.0512001305089584 0.052144302673454136
0 0.7677246282278476 0.5177718252307775 0.1167537017473613 0.11695223734881743
0 0.4374695113022572 0.29577229260822996 0.06555357123840296 0.06480793467536321
0 0.3496395901401043 0.14831658461968397 0.050474085106111136 0.08806362133990878
0 0.6353018264598272 0.938957576583413 0.09433318787965277 0.09326019867918127
0 0.12462140634451402 0.15015344665022803 0.05116376291777782 0.050581802673454225
0 0.5921447064001046 0.5956166565881855 0.09273432028847228 0.09167951734563573
0 0.6137572947372572 0.18119052991727652 0.10868662860909736 0.10592383068109026
0 0.10713523318559086 0.6747176419875915 0.04956489532659729 0.04900112133990877
0 0.158114545305938 0.5819119766470464 0.0559603656913195 0.055323846674090585
0 0.16080509384291722 0.6639341359802737 0.054361498100138926 0.05374316534054522
0 0.1762903962765278 0.020947751989182316 0.033830792553055565 0.04189550397836463
0 0.5948008469770493 0.7768848379217308 0.09593205547083343 0.09484088001272681
0 0.09217007550989664 0.9718471806572279 0.04476829255305561 0.044259077339272326
0 0.5692124334143406 0.4161473325907307 0.0683162017473613 0.11638861600890867