0 0.31125574874635875 0.005863075683230408 0.0412614974927175 0.011726151366460815
0 0.9838380717202476 0.9286159408525385 0.0323238565595048 0.06769842068857272
0 0.9580531585506972 0.6864110826851706 0.0838936828986057 0.12078870435383635
0 0.028046095143719633 0.1038144807627063 0.045113923198680426 0.04840278366526398
0 0.9498528989837857 0.2317781463875014 0.10029420203242871 0.12402283175849824
0 0.13614340314042073 0.21734621270653895 0.03655727711788872 0.07620040145127885
0 0.08080634844242493 0.38507191524627693 0.0530173514119258 0.051800602176918176
0 0.7356877282258807 0.47638135137431004 0.10390991316955063 0.13786707694917483
0 0.40175168276559187 0.26124994701262433 0.06440949247815268 0.06780754809323426
0 0.31147236058312583 0.1150322006408214 0.04946645407749282 0.0906994110699257
0 0.6043948934404952 0.9095262119887486 0.10125627461060631 0.10031251324684405
0 0.08564564647650315 0.12135415562763008 0.0530628155185485 0.05336310217691827
0 0.5590092194503921 0.5591913952911931 0.07202341567683312 0.11490080290255769
0 0.5789015529821361 0.14088533939341047 0.07137019780928675 0.1460962392002268
0 0.07132501451496938 0.6505158659719164 0.03320495658477527 0.06827877404661713
0 0.1217221681176085 0.5549107000926672 0.05788670783841652 0.05821429328391083
0 0.12493574782192193 0.6384771682415018 0.054670779625171174 0.05498016587924894
0 0.1377273205331134 0.005711797460262051 0.03482964106622681 0.011423594920524102
0 0.5627660199252457 0.7420584589935239 0.09647784639736087 0.09702382213985139
0 0.057670657626260224 0.9606820396557139 0.05784124373179385 0.05665179328391083
0 0.534985383082161 0.37859615971916327 0.09326191818411544 0.09378969473518958