0 0.13484534212061589 0.873865745843365 0.03974433847375849 0.04019910266556721
0 0.5241009366834544 0.694485505081072 0.0652079886359143 0.06748902837152997
0 0.6277348567344078 0.3623967676174843 0.10333528003177221 0.10451766693047429
0 0.34496940097293466 0.14941836064963282 0.04451365909060954 0.04502299498543509
0 0.18019302393939687 0.7850018226446844 0.1149079797074605 0.05175637978345584
0 0.21408936809849352 0.30877429176587207 0.10262616801906325 0.06389266693047428
0 0.12248074634655201 0.12071801379005356 0.14623189204448095 0.14637019780928667
0 0.24988695170428335 0.03530335101621439 0.09039890340856668 0.07060670203242878
0 0.3105121749156268 0.45917144536851123 0.12153980925276535 0.07381323620994636
0 0.35372202718580775 0.8299780388628782 0.05090002678536125 0.05301735141192552
0 0.07718543181548568 0.39170411520197934 0.11446369480442446 0.11577341567683312
0 0.42682119317957135 0.3158724232651874 0.14943871266133185 0.151148626022532
0 0.3381163924449274 0.9211031440357278 0.08582049756436802 0.08526756175762458
0 0.3861157414719928 0.7602505605704906 0.08193183847375848 0.0414266335443795
0 0.4222326992653561 0.5903639579049236 0.08425799756436803 0.08522209765100204