0 0.14151022593008328 0.1340957369869947 0.03866068091374952 0.03803062101845249
0 0.2719841730163651 0.495952452927302 0.04678175684847723 0.08361613680346806
0 0.575829378200524 0.5817031532237682 0.1025348493799445 0.10086382096198285
0 0.805213837958075 0.30544594815974035 0.04370337842423879 0.04299113680346807
0 0.22100754916551862 0.1730224581183867 0.05348204274124866 0.11045165258848363
0 0.6671479207412799 0.18748344538773012 0.0634723493799445 0.09858868942018657
0 0.8539510263450018 0.09337858766463154 0.12012601369695446 0.16877936305535757
0 0.9408096410722859 0.20965676407181283 0.08641294191141143 0.11392526308359248
0 0.5158679180419876 0.28496393209237614 0.07583063942190069 0.1179757262518895
0 0.16170063629840112 0.3398151159685422 0.05210787427505377 0.05125866311182729
0 0.6041295477156261 0.06542278974488755 0.09249792116548719 0.1308455794897751
0 0.6394336273753314 0.3889927374811049 0.14791912697434614 0.14550846302712267
0 0.07694712800003135 0.32919540536049385 0.08572585767831423 0.0843287683452643
0 0.22411720331005913 0.36806964760916044 0.04341995850815117 0.0803091262801244
0 0.38070982281122806 0.3955058609186318 0.06394594606059653 0.10483868942018652