0 0.45206805669061295 0.37380484490398475 0.040788626463433175 0.029780341901054184
0 0.23172023701598882 0.6272641314443812 0.040779536104353475 0.028217841901054187
0 0.4051031948615111 0.6249561680219585 0.0314227168225127 0.030960839923887918
0 0.016208866504484033 0.6380093359695551 0.025145445745273887 0.026018671939110227
0 0.1133312469749379 0.013209607224093384 0.029787493949875808 0.01839717292769344
0 0.3176350111182898 0.6268595662350727 0.0314318071815924 0.032523339923887916
0 0.15572186015977224 0.8553626151327588 0.02986021682251274 0.03089717292769336
0 0.28172374043383436 0.36139639231879606 0.0439318071815924 0.03303267589344294
0 0.4111465782588312 0.05268191999912496 0.04400453005422929 0.04553267589344297
0 0.14890669525429456 0.3552034476422728 0.04085225897699045 0.04071784190105419
0 0.11147591470908594 0.634080522737413 0.040788626463433134 0.029780341901054184
0 0.048111809715675136 0.34875317638773456 0.0486374878997516 0.036348676882026164
0 0.6223113372358217 0.10033946448536782 0.037718168617910844 0.03902800790866538
0 0.5253317981064061 0.07842336072131555 0.04085225897699054 0.04071784190105419
0 0.22908663728713527 0.8458549639538951 0.0298602168225127 0.03089717292769336
0 0.3329065288758789 0.8352450692008222 0.03452044574527387 0.026400673916276672
0 0.4792901286047325 0.6225116003411922 0.03608294574527378 0.026464340912471053
0 0.3739339663315334 0.3690589950942652 0.03458407825883114 0.037338173916276675
0 0.2454124939498758 0.027183218402519464 0.04082498789975162 0.036030341901054176
0 0.42189176082370217 0.8255928379839025 0.028279536104353475 0.02770850593149916
0 0.5255237374087722 0.37992219372512115 0.03144089754067192 0.03408583992388783