0 0.34609375 0.5390625 0.0265625 0.0375
0 0.5921875 0.746875 0.025 0.0375
0 0.5828125 0.584375 0.021875 0.034375
0 0.6109375 0.9609375 0.028125 0.040625
0 0.009375 0.85625 0.01875 0.05
0 0.58828125 0.66640625 0.0234375 0.0359375
0 0.80859375 0.81953125 0.0234375 0.0328125
0 0.340625 0.6984375 0.028125 0.040625
0 0.04609375 0.57578125 0.0390625 0.0453125
0 0.33984375 0.8234375 0.0296875 0.04375
0 0.603125 0.86015625 0.025 0.0390625
0 0.3375 0.91796875 0.03125 0.0453125
0 0.0828125 0.378125 0.034375 0.0375
0 0.065625 0.46875 0.034375 0.040625
0 0.796875 0.75078125 0.021875 0.0328125
0 0.7828125 0.653125 0.021875 0.03125
0 0.578125 0.51484375 0.021875 0.0328125
0 0.34453125 0.6125 0.0265625 0.040625
0 0.0203125 0.73203125 0.040625 0.0484375
0 0.7703125 0.56953125 0.021875 0.0296875
0 0.3484375 0.4703125 0.025 0.034375