0 0.423216867247547 0.3349304944728864 0.035683221771944315 0.033958337748947895
0 0.1835420467006493 0.5995460990968754 0.03554652073518509 0.0323958377489479
0 0.3547431034395845 0.5834424055428121 0.03228481969842587 0.03072421034428636
0 0.12261729377944446 0.007492552269585474 0.032890412441111086 0.014985104539170948
0 0.2682587992925475 0.5926934091710091 0.03228481969842587 0.030724210344286185
0 0.08793914637055715 0.8287549386599217 0.03656221658814811 0.02620040145127902
0 0.257357421394584 0.33449152877112254 0.04634731969842587 0.031215283665263983
0 0.4124125256361575 0.02220480517999235 0.0504292269557407 0.042261911069925676
0 0.1269570219129636 0.33826634791574894 0.048046520735185096 0.03283234736759475
0 0.06454803892495489 0.6153844086228549 0.04294891762490736 0.027981156260602092
0 0.02794332346810251 0.3393873930137583 0.04974572177194438 0.034449411069925696
0 0.6160946002355556 0.05325636462115395 0.042343324882222075 0.03886409255827139
0 0.5231354121582872 0.03858871861217073 0.046894123845462946 0.03746528366526397
0 0.1609077546646312 0.8137450083527025 0.030585618661666602 0.029107146641955593
0 0.26455016451384417 0.7953273358500315 0.030448917624907423 0.02754464664195542
0 0.42780945654986224 0.5762176933844272 0.03072231969842587 0.030669646641955418
0 0.34679106828430617 0.3360416158870983 0.044648118661666555 0.029598219962933037
0 0.2509767396324074 0.011669131581012952 0.054296520735185184 0.023338263162025905
0 0.3532121233262978 0.7789905185195035 0.02902311866166656 0.029052582939624472
0 0.4948868156924081 0.334764314165667 0.03812471658814811 0.0262549651536097