0 0.3779906342117713 0.5839644007227971 0.02903418977951393 0.04053646879233561
0 0.6448553983638201 0.8187742492070305 0.03517508700597212 0.03617651741285464
0 0.6306805295383686 0.6455857326986871 0.02427395459715278 0.03716580732694617
0 0.03348410011118132 0.902217597241038 0.02580008700597225 0.0356851944820761
0 0.6381676808488895 0.7325910877416412 0.031977351823611146 0.032887743102595124
0 0.8763430941272577 0.9081554110111039 0.03194098423243048 0.03132524310259512
0 0.37568651785486173 0.753168102102278 0.030705792553055566 0.04530585594746519
0 0.059368573991285235 0.6062809774987628 0.04175239532659725 0.05056656603337366
0 0.3779965131052091 0.8859396585247132 0.041570557370694414 0.042754066033373304
0 0.658593202884723 0.9396599592929388 0.03517508700597212 0.03617651741285464
0 0.37799847273635495 0.9825900505988834 0.043133057370694415 0.03481989880223324
0 0.09353963297750033 0.3981719063770066 0.03844555737069448 0.04259029172311406
0 0.07780748983510458 0.49332395409301444 0.03997168977951393 0.041109678878243724
0 0.8621338173417715 0.8340628137700661 0.03194098423243048 0.03132524310259512
0 0.8448716225282645 0.7293786357963333 0.02423758700597247 0.035603307326946346
0 0.6234843189572921 0.5710803776557329 0.028779616641250172 0.02959896879233561
0 0.3782465137707992 0.6620075135676673 0.02910692496187508 0.04366146879233561
0 0.038241722452014536 0.7713770330166868 0.04186149810013893 0.05525406603337366
0 0.8295174198309727 0.6396200949777304 0.028779616641250172 0.02959896879233561
0 0.3786251074262851 0.5106497314554916 0.03201371941479163 0.034450243102595125