0 0.49137078697341574 0.32565469819375065 0.03617651741285464 0.03557540145127884
0 0.2854737483025193 0.5934771483712359 0.034532130257724794 0.033958337748947895
0 0.456816481794176 0.5773188911148418 0.03708392017181659 0.023129965153609787
0 0.06071608774164124 0.6208928533580446 0.03946529172311404 0.03880952885594056
0 0.37042528041469497 0.5865971765942043 0.032887743102595034 0.03234127404661713
0 0.22086677295146312 0.8242757697854479 0.03124335594746528 0.030724210344286008
0 0.32311543193046155 0.3260515461943177 0.0378209045679843 0.0371924651536097
0 0.4365073880596409 0.01701634129232703 0.04768722749876275 0.03403268258465406
0 0.19104323835289666 0.32988092904127503 0.048512743102595034 0.032886911069925695
0 0.1665566519659925 0.6093700215995465 0.042098968792335524 0.02954365626060227
0 0.09092040762020202 0.3310292559904498 0.042672178878243795 0.040481156260602266
0 0.6471073733603199 0.0415822546396874 0.042426517412854456 0.03579365626060225
0 0.5500719210763277 0.02696917233303503 0.044070904567984216 0.0374107199629331
0 0.29290886928799 0.8100198076270632 0.03272396879233552 0.02921627404661713
0 0.39525594131425734 0.7915748532732266 0.029517081637205855 0.027544646641955238
0 0.5300083203287868 0.5700668971052916 0.03116146879233561 0.029161710344286183
0 0.41394514981828595 0.32679310145912804 0.04366146879233561 0.029598219962933124
0 0.2700635165083434 0.005900281218193246 0.05262703301668683 0.011800562436386492
0 0.4828411504956545 0.7752107540915333 0.0325601944820761 0.02609127404661713
0 0.5641498677061103 0.32546123603536586 0.03732958163720568 0.0278174651536097