0 0.6641186047970191 0.3816799538906694 0.13045109016268785 0.13729029238978613
0 0.6929743369412341 0.2373284863556581 0.03457498789975162 0.035976041356328814
0 0.6060162550681655 0.6031953889606919 0.14931017447164335 0.15691358767505648
0 0.5773447917616943 0.24193255728149152 0.1017443071815924 0.03598034946188076
0 0.2811571556338996 0.6425512572387102 0.11943177693097126 0.12271837014004525
0 0.2835720658639952 0.2517079334173927 0.04243293969514968 0.04415241439185813
0 0.41951411104353503 0.2461577925991832 0.10803066861791084 0.04252144789030421
0 0.4326514779408025 0.6237733703494421 0.1276533430895542 0.1933947431755744
0 0.33523962587425793 0.4016865086864524 0.14458631303532482 0.15044526385373888
0 0.5078731499765589 0.3897386646012551 0.1367283612399266 0.14226889081820956
0 0.7309571677341481 0.5872171703922234 0.1115738251355733 0.11454199710451576