0 0.37087164089674757 0.3142385377567972 0.16412588606495557 0.1210268065307547
0 0.2257663060494383 0.28814480762706307 0.03718100666795978 0.03557540145127884
0 0.5924598563490007 0.3672643009188231 0.1671869842481845 0.1585268065307547
0 0.21516403271157905 0.4084845894782285 0.07592451333591957 0.07120536660488845
0 0.5900375184575756 0.7023287816815295 0.13338606909549372 0.12618553248413775
0 0.1865139057304792 0.7117459987340556 0.04419628121376702 0.04516865626060227
0 0.19877427391758737 0.5710937168828902 0.08268469636645773 0.07767362141421189
0 0.5902920942210291 0.5465152913001763 0.20290134364130097 0.13796133538669525
0 0.3478179386112361 0.6539185966498046 0.18038861485312827 0.12938494355406327
0 0.35851567786039046 0.47514875590563177 0.16906847758022464 0.12431549763774737
0 0.5920448813538499 0.23873999683513908 0.12337334030732094 0.11804565027015243