0 0.560359110227024 0.5540530652767879 0.05522601087441501 0.05465667889684287
0 0.5702381290101043 0.6434795863234753 0.026082338935304605 0.028018584186749608
0 0.46062570707099404 0.6121547206372818 0.10244852076024671 0.1041708314853265
0 0.43522782315515496 0.37140091802056335 0.11750051779449713 0.09101838410204496
0 0.5479307530029306 0.4403167889684287 0.028183349809719614 0.07958108418674961
0 0.3103511344473117 0.6540629576242765 0.08768568380210837 0.08616428413027996
0 0.5369839827369756 0.34381351529090537 0.02770850593149916 0.029672089448421434
0 0.2679156477560035 0.3203481102833473 0.0894391847906915 0.0909427893919517
0 0.28246492049341654 0.42875214448421434 0.11389535672980174 0.1173078683170294
0 0.44881943235641464 0.49455769695975854 0.11587435079830274 0.08936487884037306
0 0.29781003068325945 0.5566874286850814 0.11539418973360735 0.11583637357870132