0 0.5583754289564571 0.4749762119023668 0.05654266587924894 0.055353344866803766
0 0.561433452370102 0.5661277939175892 0.025927582939624473 0.02758117193911023
0 0.4506150034585611 0.5448987341454882 0.10672620435383635 0.10732702174882984
0 0.4436383502780017 0.29787915410743204 0.12175100362819702 0.09077619171077381
0 0.5538739566312711 0.3581388803814359 0.030962312521204537 0.08239600593149898
0 0.2917558694304774 0.6036410172630245 0.08893850362819711 0.0894391847906915
0 0.5510887517292804 0.2591747983662135 0.029052582939624472 0.027708505931498983
0 0.2740178202409348 0.262663190190718 0.09217263103285873 0.09269151878308027
0 0.280300047375444 0.3731868547154544 0.11648315027015244 0.1186465237259962
0 0.44700390853803695 0.4249045691264602 0.11868056733052797 0.09221135771838504
0 0.2858456645284867 0.5048042692401908 0.1360863221398514 0.09916169467652339