0 0.02167670401098582 0.5570630662567787 0.013892666930474274 0.10162613251355737
0 0.8873471681176085 0.5636616251868869 0.15139266693047446 0.10242608411256367
0 0.5394144703083218 0.417911746189371 0.15608016693047427 0.10245335518980259
0 0.5478025979802065 0.7061929961893709 0.160813131037097 0.10404312626704133
0 0.3000491272761733 0.13766012304558756 0.1270746285298145 0.1257181383672898
0 0.18546613855894434 0.03857266237139489 0.10218227711788867 0.07558178298109554
0 0.18810568606429717 0.5588124394987579 0.1350689849563052 0.13201359016268804
0 0.029004504552346516 0.2719977198475748 0.04400606426490724 0.06274543969514967
0 0.6607619360642971 0.5615622731203423 0.13185305674305994 0.12887040944452863
0 0.6510158968722146 0.2803031827612627 0.12863712852981452 0.1257272287263694
0 0.9498923514119259 0.15551330278178815 0.10021529717614826 0.10059087334017516
0 0.3094986159268952 0.7040254664297293 0.16242109514371963 0.10561471662612103
0 0.4189164507122805 0.27660951443793946 0.12868259263643722 0.1272897287263694
0 0.1861494148189032 0.27681755093507643 0.15911423871722893 0.0993465359079618
0 0.41400867570596295 0.027404399976558892 0.15145485141192588 0.0508726744716433
0 0.08447588387358382 0.7019352047222643 0.13112563103709696 0.10387040944452863
0 0.018673443652651556 0.024323289129415605 0.037165030878812386 0.04239657825883121
0 0.5313218593294845 0.13978674618937098 0.15286423871722904 0.09931017447164328
0 0.7557451978092867 0.14812246271729612 0.12542120031656906 0.12258404800821018
0 0.7805696338735839 0.7059849596922341 0.1301996285298145 0.1257363190854491
0 0.08077525620169915 0.4136812257995032 0.14045516693047427 0.10236245159900648
0 0.6390996039192083 0.031838411684023835 0.15007420783841657 0.05711358411256369
0 0.7699286844149446 0.42081507415361463 0.1498301669304743 0.10241699375348397
0 0.30425822030832184 0.4165436471478885 0.13189852084968248 0.13043290944452862
0 0.4248244360642971 0.5601896288993201 0.16081313103709682 0.10404312626704133
0 0.8730272891920826 0.28628151375056843 0.12698370031656908 0.1225931383672898
0 0.0766343593294846 0.1371414516972022 0.12546666442319182 0.12414654800821019
0 0.963385516230829 0.7039871642181066 0.073228967538342 0.09428633118569749
0 0.8567190129321236 0.0479457215960907 0.10406302586424729 0.08652837334017514
0 0.9561460145814763 0.4235002334999474 0.08770797083704736 0.09901019262201594