0 0.8268128845423621 0.5456906489154141 0.13607278397749986 0.1272897287263694
0 0.491869830960973 0.402400753810629 0.139334485014259 0.12887040944452863
0 0.4663750876053717 0.693807003810629 0.14117038708777763 0.13200449980360834
0 0.2836635175776391 0.12250521731349207 0.13593608294074055 0.1257272287263694
0 0.1803224870405093 0.019219905201523092 0.1534175259189814 0.038439810403046185
0 0.11984998506074178 0.5490227863989411 0.14429538708777753 0.13202268052176755
0 0.00011350475956038832 0.2616642078455223 0.00022700951912077663 0.10010908430895542
0 0.5979749850607419 0.546241136520578 0.140896985014259 0.12887949980360833
0 0.6212920737509264 0.2618752268796577 0.16031136635259244 0.10088176483072289
0 0.9379019582468058 0.13275431167959242 0.10861216531583295 0.09901928298109555
0 0.22581843812375135 0.6944256691088901 0.17009646946287021 0.10562380698520073
0 0.3871221253060653 0.26089503074160036 0.13763528397749977 0.12729881908544902
0 0.15182917426930606 0.2638256297830828 0.13933448501425905 0.12887040944452863
0 0.40813512874643526 0.030972223167224533 0.0993547425071295 0.061944446334449066
0 0.03433958642759321 0.6957301356368153 0.06867917285518642 0.10541472872636941
0 0.014775399481620372 0.01710114158874363 0.029550798963240744 0.031422716822512735
0 0.5164076670592594 0.12193200381062903 0.13749858294074038 0.12573631908544902
0 0.7423550123938428 0.12764515174408445 0.13423688190398125 0.1241556383672898
0 0.701668038642131 0.6908764047691466 0.139334485014259 0.12887040944452863
0 0.04739453543810218 0.4035199097391162 0.09478907087620436 0.11786927693097127
0 0.6379299354853705 0.020231917596359096 0.15382762902925914 0.04046383519271819
0 0.7244772794058341 0.40339004030776593 0.13749858294074055 0.1257363190854491
0 0.254369830960973 0.4037824883907309 0.16669806738935167 0.10248062626704132
0 0.3596937350607418 0.5476274162802197 0.16839726842611089 0.10405221662612103
0 0.844251120122269 0.26604405553127236 0.13423688190398125 0.1241556383672898
0 0.06781292511777784 0.12458638866187739 0.13562585023555568 0.10082722267624522
0 0.8973222912340291 0.6858338598841943 0.09326056738935193 0.10205337939029935
0 0.8560258245993981 0.03592684699837901 0.10669835080120364 0.07185369399675802
0 0.9165280783690749 0.403834426140973 0.10378796427907382 0.09742951190385671