0 0.82734375 0.496875 0.1328125 0.178125
0 0.87734375 0.73828125 0.0390625 0.0859375
0 0.8265625 0.73984375 0.053125 0.0328125
0 0.1796875 0.55 0.059375 0.08125
0 0.4890625 0.22890625 0.059375 0.0734375
0 0.78125 0.78125 0.0125 0.06875
0 0.809375 0.2171875 0.128125 0.1625
0 0.82578125 0.8015625 0.0734375 0.103125
0 0.74609375 0.740625 0.0578125 0.090625
0 0.27109375 0.19765625 0.0171875 0.2015625
0 0.15859375 0.459375 0.0140625 0.046875
0 0.3484375 0.21875 0.13125 0.1625
0 0.20390625 0.80859375 0.0671875 0.0859375
0 0.81796875 0.7078125 0.0640625 0.028125
0 0.12734375 0.79765625 0.0359375 0.0890625
0 0.4984375 0.7515625 0.159375 0.1875
0 0.496875 0.50859375 0.1375 0.1796875