0 0.49261241964391633 0.12005187595922999 0.18677507142762995 0.15039275595208473
0 0.7442936964292775 0.05095304265152153 0.08977161201270896 0.0468528566887189
0 0.7449425328744412 0.1031875320078598 0.04610343262955983 0.048481058666190305
0 0.5355450243563198 0.7896652534310693 0.08546594155801372 0.06840007475773362
0 0.20756962338008983 0.4911174008528497 0.07151253571381497 0.07366672896477802
0 0.7870794399364558 0.14783911430716207 0.07209318831160268 0.017525989608439783
0 0.20166013717651227 0.15912435568031272 0.15574325973923261 0.16070754307885
0 0.8089777593354908 0.10027034561772866 0.10914890340856687 0.08410148441265974
0 0.744264648540598 0.18672665168602892 0.07948867694751698 0.08358803218308677
0 0.17158371023229055 0.7199197440479154 0.20970228246740405 0.033390926250672595
0 0.44141319481101504 0.8180958920507735 0.031795470779006865 0.03343521287323483
0 0.19486329748823308 0.637921345036651 0.17112279788867957 0.14773764951546725
0 0.8047314009795252 0.7458724227212509 0.07948867694751698 0.08358803218308672
0 0.7111851416407392 0.1149116358465871 0.047720479707460586 0.05171531930985207
0 0.7924165872625332 0.825543497226883 0.0912795649348082 0.043837117332380514
0 0.7507020146137919 0.4437743271803968 0.18441373051823948 0.19392423466476122
0 0.4983309910748416 0.462982421131767 0.16695349512873606 0.17709736758448216