0 0.88901712144288 0.5530161854797981 0.15718905917039336 0.19888276385373888
0 0.961060638290728 0.8149019094249501 0.07188570767745475 0.07031680810555194
0 0.9064823989343896 0.8139172981762453 0.04848105866619008 0.04742296360606986
0 0.19769263493653327 0.5776627353176916 0.08046303218308673 0.08161818114108108
0 0.5056319130091207 0.24859608932768626 0.06963479282674853 0.08267125889134022
0 0.8611588272787492 0.8561925353559637 0.019307010895763456 0.07565497146395259
0 0.8485078278598269 0.2521065028909749 0.165504303722512 0.16189218610347994
0 0.9103447262900135 0.8802871608726923 0.10343063861970414 0.09826202564056316
0 0.8198182792562205 0.8106595574818701 0.08380655347041036 0.0848887303552928
0 0.26968905917039343 0.20412253556536059 0.1270538089182919 0.12428087014004516
0 0.16826222502950572 0.47973250351465674 0.017558840597175517 0.05065497146395259
0 0.35408583850348857 0.23063583974197105 0.1527529314464525 0.17998721463952716
0 0.24292227950832213 0.8569885163349383 0.08693155347041018 0.08503427956950489
0 0.8947036647738316 0.7791056505336101 0.05182457995351371 0.05069351282028158
0 0.1600715746808591 0.8414490994618807 0.07032320767745462 0.0702440334984459
0 0.5550127340836836 0.8100066242738745 0.1859696230323639 0.20956770678164424
0 0.5352037065921739 0.5489963496667685 0.18065941015912906 0.17817215756743252