0 0.3098586719545169 0.29772310628892334 0.046949411069925694 0.04792966014423614
0 0.3629018264010206 0.29414285818878444 0.04042659255827141 0.03997168977951393
0 0.4183705764010206 0.29285180870187466 0.05147321996293304 0.04335126291777787
0 0.4730580764010206 0.2915789430105552 0.04845734736759475 0.046403527735416714
0 0.3137574874709463 0.3421998049021525 0.045223219962933034 0.043205792553055566
0 0.3661012374709463 0.3409814905976039 0.04366071996293304 0.04316942496187508
0 0.4191716737686154 0.33818249249746496 0.045277783665263985 0.04476829255305557
0 0.4738046100662846 0.3353471268061455 0.04366071996293321 0.04316942496187508
0 0.3160119574338794 0.38436912110656224 0.04204365626060227 0.041570557370694414
0 0.3676017392850448 0.38395024059760385 0.04371528366526398 0.04473192496187499
0 0.4207540211362102 0.383494992497465 0.04204365626060227 0.041570557370694414
0 0.4722892392850448 0.3815136119885066 0.04684028366526398 0.04480466014423614
0 0.31832099109914336 0.428100937310972 0.045223219962933124 0.04320579255305575
0 0.36912952295030876 0.4277002405976038 0.049637901451278846 0.03550239532659738
0 0.41996533665263963 0.4280807938842358 0.045277783665263985 0.04476829255305557
0 0.4761334910991433 0.42442781060173573 0.04823909255827132 0.040153527735416715
0 0.31979421106207645 0.47028843731097203 0.045223219962933034 0.04320579255305575
0 0.3713839929132419 0.4698695568020136 0.045059528855940556 0.03851829255305557
0 0.4197669292109111 0.4671796614754163 0.04538691106992569 0.047893292553055744
0 0.4760987747644073 0.4682141781929163 0.04533234736759475 0.04633079255305557
0 0.6112574808475243 0.2860166611910759 0.05341766587924894 0.054325130508958354
0 0.6726314904661711 0.2970983251350342 0.05341766587924894 0.054325130508958354
0 0.732443000084818 0.30821635667017305 0.05330853847458741 0.05120013050895835
0 0.7999033185964723 0.3144650502494091 0.05665179328391083 0.0575228656913195
0 0.5988046100662846 0.33243771951170087 0.05928571996293321 0.043533100873680654
0 0.6578348696849314 0.34357393484243 0.051800602176918176 0.052726262917777864
0 0.716002033750082 0.35238458396874944 0.05766865626060227 0.04193423328249999
0 0.7843254478152325 0.3609588437523952 0.07200397477225665 0.05007404160312508
0 0.5855977711362103 0.37965821162791624 0.05783234736759475 0.04662173328249999
0 0.6407490626060225 0.3916665959365967 0.05777778366526398 0.045059233282499986
0 0.6996701948200077 0.3996778112673258 0.06246528366526398 0.045168336056041626
0 0.7617708907363236 0.40917879141569385 0.05498016587924912 0.054361498100139016
0 0.5715005548014742 0.4237718875397217 0.05772321996293321 0.04349673328249999
0 0.6266791281224519 0.4365615218484022 0.054598219962933216 0.043423998100139014
0 0.683256510336437 0.4446272885659022 0.05470734736759475 0.046548998100139016
0 0.7470561155085802 0.45799815112308967 0.05665179328391083 0.0575228656913195
0 0.5558408384667383 0.46792193104270796 0.05158234736759475 0.04647626291777769
0 0.6117188162342196 0.4783496315557981 0.053090283665263985 0.04495013050895835
0 0.6708309214063627 0.4918295968865273 0.05492560217691818 0.052798998100139015
0 0.7353299310250095 0.5028385256481244 0.0582688569862416 0.05912173328249999
0 0.46589045026230325 0.5341301189223607 0.05169147477225664 0.04960126291777769
0 0.5074703150530933 0.5605283115516663 0.051746038474587405 0.05116376291777769
0 0.5483780572485448 0.590069687976562 0.05626984736759475 0.046585365691319505
0 0.5946999857416657 0.617921277832326 0.05018353847458741 0.05112739532659738
0 0.6419395734906137 0.6496609338924995 0.051746038474587405 0.05116376291777787
0 0.43177091060658945 0.5646358897239233 0.05012897477225664 0.04956489532659738
0 0.4773388709508758 0.5932869133752774 0.05783234736759475 0.04662173328249999
0 0.517438081295162 0.6220652235957636 0.051800602176918176 0.05272626291777769
0 0.5607168553417792 0.6523332986338884 0.04856647477225664 0.049528527735416716
0 0.6063393793883962 0.6825468222852425 0.051746038474587405 0.05116376291777769
0 0.3968974028020412 0.5959410943210761 0.050074411069925696 0.04800239532659738
0 0.4417659586998237 0.6269540517680204 0.048511911069925515 0.047966027735416715
0 0.48337310534177913 0.6541334943973259 0.053035719962933214 0.04338763050895835
0 0.5298314430907272 0.6858913342530899 0.05012897477225664 0.04956489532659738
0 0.5690948397326825 0.7131253282691662 0.048566474772256465 0.049528527735416716
0 0.37064492684865835 0.6278275271667357 0.048511911069925695 0.047966027735416715
0 0.41236120089527545 0.6581319697960414 0.048511911069925695 0.047966027735416715
0 0.4517064430907272 0.6877097138121178 0.04689484736759475 0.04636716014423605
0 0.49328630788151706 0.7141079064414232 0.05018353847458741 0.05112739532659738
0 0.540525895630465 0.7458475625015968 0.060902783665263985 0.04513196846486114