0 0.041637765147841545 0.2341783079489775 0.08327553029568309 0.08928928413027988
0 0.14330436347600245 0.22569170278612768 0.0846298336393613 0.08423776308359247
0 0.2441493863548197 0.21904061340829345 0.10274210485118865 0.07751732622365459
0 0.35384325074890605 0.208763995091264 0.09180460485118865 0.07688028939195171
0 0.045983211200189326 0.3130012579630949 0.08450228788172677 0.08267526308359248
0 0.13738946120018933 0.3076774501552918 0.08631987939699584 0.08589126834526431
0 0.24376700695782386 0.299926592361606 0.09129442182065048 0.0706302893919517
0 0.3487095984730929 0.29070423982959215 0.0860647878817268 0.08276626834526431
0 0.042539604682010755 0.3932879974397513 0.08437474212409224 0.08111276308359247
0 0.1393508318031935 0.38842692121609657 0.09598192182065049 0.07090330517696727
0 0.24344840043964527 0.3800313213149186 0.08281224212409226 0.08102175782192056
0 0.33986101483373166 0.3705282477220999 0.09489765394280303 0.09572129465362363
0 0.05086254558845667 0.4627814500847046 0.08335437606301595 0.06861276308359229
0 0.14110490831555306 0.46219064490773737 0.0846298336393613 0.08423776308359247
0 0.24194993119437033 0.45553955552990305 0.07774210485118864 0.07606124203690498
0 0.3465736583155531 0.45022345299788924 0.09116687606301595 0.06906778939195171
0 0.0511178949796335 0.5358549290380171 0.07786965060882316 0.07762374203690499
0 0.14285898482791262 0.5359543685993782 0.07774210485118864 0.07606124203690498
0 0.2395426661914608 0.5326557923757235 0.08673446757828503 0.07191977360693613
0 0.33804393907027813 0.526141210890397 0.07774210485118864 0.07606124203690498
0 0.6172042490819161 0.20197785586872152 0.09802265394280311 0.09590330517696728
0 0.7200423355962153 0.2185367533367076 0.09295251666989941 0.0909427893919517
0 0.8227528763528801 0.2366581508046937 0.09308006242753386 0.09250528939195171
0 0.9278071671095447 0.2546430403801721 0.0913900166698994 0.09085178413027979
0 0.5804379595331994 0.29042570584048666 0.10586710485118864 0.07769933674699833
0 0.6808685231686813 0.3079023612009805 0.09451501666989941 0.09103379465362353
0 0.7845516325617978 0.3236345060381307 0.09295251666989941 0.0909427893919517
0 0.8932411063490008 0.33518738509026536 0.10114765394280312 0.09608531570031094
0 0.5469720131667417 0.367018297919744 0.09113492515463051 0.08772678413027979
0 0.643368781044589 0.3862849664344175 0.08462983363936125 0.08423776308359247
0 0.7424919361953402 0.4007276270565832 0.0913900166698994 0.09085178413027997
0 0.847020068467274 0.4156330192628975 0.10586710485118864 0.07769933674699843
0 0.5118160210426496 0.44526439526067324 0.10366687606301603 0.0697958314853265
0 0.6085316533145833 0.4606248137753467 0.08944487939699589 0.08607327886860805
0 0.7019947398288824 0.47772974281336394 0.08619233363936125 0.0843287683452644
0 0.8057416221008162 0.49268063765051406 0.09126247091226496 0.08928928413027996
0 0.4769788933126436 0.5196042426016024 0.08475737939699587 0.0858002630835923
0 0.5727219569481254 0.5373539137471118 0.09492960485118865 0.07706229991529553
0 0.6680664078565111 0.5504615875234572 0.08631987939699588 0.0858912683452644
0 0.7694695401284448 0.5655489902531151 0.09295251666989941 0.0909427893919517
0 0.30540716906639875 0.6306767924463106 0.09441942182065048 0.07081229991529554
0 0.37742581921618 0.6723567872552259 0.08124974212409217 0.08093075256024881
0 0.4489820837600475 0.7101760346949773 0.08437474212409217 0.0811127630835923
0 0.5187845296674632 0.7504300373964002 0.08424719636645772 0.07955026308359248
0 0.5894319984536962 0.7898572874669875 0.08268469636645773 0.07945925782192073
0 0.24423068194327638 0.6847797344973332 0.08462983363936125 0.08423776308359247
0 0.31878440072950937 0.7239794714137406 0.08437474212409217 0.08111276308359247
0 0.38715189239455966 0.7627619793768357 0.08998701333591956 0.07366428413027978
0 0.4564281798172445 0.7999364847090946 0.0794321506088231 0.07771474729857672
0 0.5271394214822948 0.8385824847796817 0.08112219636645754 0.07936825256024882
0 0.1880605592142403 0.7347034107633401 0.0830673336393613 0.08414675782192056
0 0.25689043648520427 0.7773466660955991 0.07786965060882309 0.07762374203690499
0 0.3271392925443409 0.8121319187970222 0.08960437606301594 0.0689767841302796
0 0.4002580570882085 0.8498601609751016 0.07786965060882309 0.07762374203690499
0 0.466345571632076 0.8879979268307043 0.08281224212409236 0.08102175782192056
0 0.13182666360638698 0.785408337029347 0.08922173879011237 0.06428928413027997
0 0.20097540527143726 0.8241453423616061 0.07943215060882318 0.07771474729857672
0 0.2686254198153048 0.862192102955537 0.07761455909355411 0.07449874203690499
0 0.3387467301168069 0.8985398556569599 0.07761455909355411 0.07449874203690499
0 0.40802301753949166 0.9357143609892191 0.09078423879011233 0.0643802893919517