0 0.3148162600292335 0.5442048989696704 0.04290013154179624 0.042140878424238616
0 0.31075111533325767 0.5011177497995073 0.03361613680346807 0.04299298340326061
0 0.30650396011393816 0.4549056006293443 0.03959312101845249 0.03877908008391255
0 0.3014300522637826 0.4078530018740998 0.04133763154179624 0.04202247925407558
0 0.3521342495058898 0.5439214790535829 0.03352513154179624 0.04143048340326043
0 0.35054936270242176 0.5033556786386645 0.03472361049510884 0.035298882573423465
0 0.34621120222143037 0.45558102946850143 0.03637711575678075 0.036979781743586494
0 0.3405380548946185 0.4115942311281754 0.03812162628012441 0.040223180913749525
0 0.38798074424421797 0.5450821599673326 0.03021812101845258 0.03806868506293455
0 0.42235574424421796 0.547686941710919 0.03628611049510884 0.03541728174358667
0 0.45659423635171026 0.5479479734545055 0.03307010523343692 0.03361798340326043
0 0.3856146074407499 0.5044571599673325 0.030218121018452494 0.03806868506293455
0 0.3821487022214304 0.45830421038225105 0.03030912628012441 0.039631185062934546
0 0.3771202970021108 0.4120328616270065 0.03628611049510884 0.03541728174358667
0 0.4205888469174062 0.5039961412960006 0.030218121018452494 0.03806868506293455
0 0.41730495222143027 0.4609681917109191 0.03637711575678075 0.03697978174358667
0 0.41393005226378266 0.41637774212583756 0.03030912628012423 0.03963118506293437
0 0.45505485217907804 0.5081634230395871 0.030218121018452494 0.03806868506293437
0 0.4516344495905944 0.46279172345450553 0.03628611049510884 0.03541728174358649
0 0.4506032996329467 0.41837887262466855 0.03637711575678075 0.036979781743586494
0 0.29437714448421437 0.2867592518740998 0.04142863680346807 0.04358497925407558
0 0.30005872611071516 0.23741044730999641 0.04629814732681172 0.047065176764564676
0 0.30404129984470823 0.18559949357573 0.04464464206513989 0.04538427759440165
0 0.3103676235787013 0.13396613859670817 0.04473564732681172 0.04694677759440165
0 0.3341221839467532 0.3014379811281754 0.04133763154179615 0.04202247925407558
0 0.3414572708349259 0.25377007573423505 0.04308214206513998 0.04526587842423861
0 0.3463120998305908 0.20358082158505014 0.039866136803468066 0.043466580083912555
0 0.35190267619541976 0.1526695170209468 0.03746917889684287 0.05572978174358649
0 0.37248673393263576 0.3191233112120879 0.04142863680346807 0.04358497925407558
0 0.3791315760824803 0.2729587062330661 0.033798147326811724 0.04611798340326043
0 0.38563991033981704 0.22445035125404425 0.0340711631118273 0.05080548340326052
0 0.39187522881213827 0.17125449627502237 0.03710515785015547 0.04947978174358654
0 0.4099335260260106 0.33440569171091905 0.039866136803468066 0.043466580083912555
0 0.41653286554501917 0.2874598367318971 0.042900131541796324 0.042140878424238616
0 0.4246036998023559 0.23906988092303832 0.04299113680346807 0.04370337842423862
0 0.430930023536349 0.18743652594401644 0.04299113680346807 0.04370337842423862
0 0.44742582075022136 0.3504693222097501 0.0337981473268119 0.04611798340326043
0 0.4541161655309017 0.30508596723072823 0.04124662628012441 0.04045997925407559
0 0.4622325024190744 0.2574772614218694 0.04124662628012423 0.04045997925407559
0 0.4701668287839034 0.20674355561301055 0.04124662628012441 0.04045997925407559
0 0.5028028364646497 0.4332235452400484 0.0369231473268119 0.04635478174358667
0 0.5264909654461972 0.3992396315477382 0.03793961575678075 0.03709818091374952
0 0.5455825996894165 0.36646302034493905 0.03968412628012441 0.04034158008391255
0 0.5691342207784562 0.33013535665262894 0.03545165258848364 0.04779888257342346
0 0.5911233418674959 0.29368929379015585 0.03728716837349921 0.052604781743586494
0 0.531784681174743 0.46342053071790124 0.04142863680346807 0.04358497925407558
0 0.5530835575254545 0.4284777682703466 0.035360647326811726 0.04623638257342346
0 0.5745189417686738 0.395878755822792 0.0353606473268119 0.04623638257342346
0 0.5966900733810572 0.36255769296031887 0.033798147326811724 0.04611798340326043
0 0.6186791944700969 0.3261116300978458 0.04464464206513981 0.04538427759440165
0 0.5575505206231643 0.4918182178554281 0.039866136803468066 0.043466580083912555
0 0.5797671548663837 0.459278404992955 0.03793961575678075 0.03709818091374952
0 0.6019382864787671 0.4259573421304819 0.03977513154179633 0.041904080083912554
0 0.6241094180911505 0.3926362792680088 0.03637711575678075 0.036979781743586494
0 0.646144041811026 0.3569714664055356 0.04299113680346807 0.04370337842423862
0 0.5850153679640936 0.5226780541631181 0.04299113680346807 0.04370337842423862
0 0.6078312416839692 0.48707244088572643 0.04133763154179633 0.04202247925407558
0 0.6285763811888604 0.4559767288530903 0.042900131541796324 0.042140878424238616
0 0.6514832601704079 0.42193361557569864 0.03977513154179633 0.041904080083912734
0 0.6727821365211194 0.38699085312814396 0.04299113680346807 0.04370337842423862