0 0.2295547907797356 0.9106634006996451 0.06929542154477711 0.09575042069139812
0 0.22662016743956043 0.8091690968595792 0.06924087939029935 0.08637542069139811
0 0.22527531517662416 0.7123168289128906 0.06929542154477701 0.09575042069139794
0 0.22154126111828978 0.607720257126136 0.07543633723582169 0.07718227711788864
0 0.3060309323684792 0.8935919094751338 0.07386474687674198 0.07557431301126627
0 0.30552187226002064 0.806091909475134 0.0770079275949012 0.07879024122451135
0 0.30336849891984546 0.7045748735817565 0.06297269867214013 0.08306856426490725
0 0.29965717075921017 0.6038845517950019 0.07543633723582169 0.07718227711788864
0 0.38335650165032004 0.888216436197311 0.07542724687674207 0.07561977711788899
0 0.3836014204646226 0.7960062041439999 0.07543633723582169 0.07718227711788864
0 0.38067588748352704 0.6960744003039339 0.07230224687674199 0.07552884890464337
0 0.37623330629782953 0.6040005605704906 0.07244769262201593 0.10052884890464338
0 0.45046673359814327 0.872980229612536 0.06913179508134401 0.06762542069139812
0 0.4546451734896847 0.7853438372926679 0.07543633723582169 0.07718227711788864
0 0.4533048664062882 0.6892728193459792 0.06449883723582168 0.07686402837152997
0 0.4535043334251926 0.5892500872926678 0.06298178903121965 0.08463106426490725
0 0.5207474173413645 0.8654655948145151 0.06914088544042354 0.06918792069139812
0 0.5256980168738263 0.7762439704413359 0.07072156615858276 0.07235838479802048
0 0.527505435688129 0.6839882742814017 0.07229315651766229 0.0739663489046432
0 0.526174218963812 0.5894797563347132 0.07071247579950324 0.07079588479802049
0 0.22788112294739168 0.35436793659302257 0.08800906010845858 0.09004598997087018
0 0.24916979478675633 0.2529501891003051 0.08329428903121974 0.08522209765100204
0 0.2720255118056608 0.15226822750096483 0.08329428903121974 0.08522209765100208
0 0.2932687318496274 0.04404185352349685 0.08957156010845857 0.0880837070469937
0 0.3116430445903646 0.38084185688870914 0.08173178903121973 0.0851766335443794
0 0.33294535196834874 0.2817678593959916 0.06932269262201593 0.10043792069139794
0 0.35344822862817354 0.1795915939565854 0.08329428903121974 0.08522209765100212
0 0.3700221293902993 0.0736227387837359 0.08957156010845857 0.09009145407749282
0 0.3836680355151783 0.4045317579840658 0.08172269867214013 0.0836141335443795
0 0.4065555687908614 0.30931854638472556 0.06301815046753827 0.09088106426490725
0 0.42552321652792513 0.21187524505194205 0.08329428903121965 0.08522209765100212
0 0.44524484318774993 0.10972171166584724 0.06930451190385653 0.09731292069139794
0 0.4572646167990716 0.4297386949727998 0.07858860831306043 0.08196070533113406
0 0.4762504452542945 0.3354203936400163 0.0801511083130606 0.08200616943775678
0 0.497593659248137 0.24337764614729873 0.06302724082661797 0.09244356426490725
0 0.5173152859079618 0.1412241127612039 0.08172269867214013 0.08361413354437941
0 0.5269594932625047 0.4558405422280905 0.0770079275949012 0.07879024122451135
0 0.5482936168972674 0.36223529473537297 0.06767837939029935 0.08632995658477531
0 0.5664981953524905 0.2679397254559007 0.07857951795398091 0.08039820533113406
0 0.5854567527304745 0.16893392412311728 0.08172269867214013 0.08361413354437941
0 0.6247480743500062 0.6100530176174843 0.06457156010845858 0.08936402837152997
0 0.6688566226528041 0.5361010405787379 0.07542724687674215 0.07561977711788863
0 0.7090634661351417 0.46304397380654816 0.06300906010845857 0.08931856426490725
0 0.7508418999765588 0.3915039429277357 0.07230224687674217 0.07552884890464329
0 0.7926157886384363 0.31918266204892337 0.06299087939029917 0.08619356426490725
0 0.6742804417382532 0.6625271482588697 0.07544542759490121 0.07874477711788863
0 0.7152503545024315 0.5863223494333688 0.07386474687674198 0.07557431301126591
0 0.7562566287029282 0.5163675506078678 0.0660886083130606 0.08159699247815269
0 0.7956958577238853 0.4456769658889893 0.07071247579950324 0.07079588479802065
0 0.8359072463857627 0.37340114911679956 0.07229315651766229 0.07396634890464338
0 0.7191071284083407 0.7120126712201233 0.07543633723582169 0.07718227711788864
0 0.7632338574292977 0.641185694181377 0.06915906615858276 0.07231292069139812
0 0.8003247912707149 0.5697820556224327 0.06915906615858276 0.07231292069139794
0 0.8405225443939729 0.49516248885024294 0.05673178903121965 0.08444920783841639
0 0.8807566589535494 0.4267929220780532 0.0723022468767418 0.07552884890464337
0 0.7647105198988885 0.7606942121280656 0.06758747579950324 0.07070495658477541
0 0.8057122489198456 0.6899581633025645 0.07229315651766229 0.07396634890464338
0 0.8459372731203423 0.6200260965303749 0.06914997579950324 0.07075042069139795
0 0.8845907069617596 0.5485769938648077 0.05672269867214012 0.08288670783841638
0 0.9240299359827165 0.4778864091459295 0.07071247579950324 0.07079588479802065