0 0.6777708088206988 0.24398137833716085 0.05366351087441501 0.05426477611928178
0 0.6810350716722802 0.30487793475959596 0.04884867688202625 0.05089411465389251
0 0.6835180845238614 0.365815434759596 0.04884867688202625 0.05089411465389251
0 0.6868778478697342 0.4290557411820311 0.05047484387822045 0.05253850180902227
0 0.6302737263111848 0.25038518656861825 0.04553267589344294 0.046042840343633
0 0.6341919051703774 0.30811579941348854 0.03979201186299815 0.05821529172311406
0 0.6358618345238615 0.36831299299105336 0.047158842889637495 0.04768722749876275
0 0.6392215978697342 0.4315532994134886 0.03953734387822046 0.05196529172311415
0 0.5842436433073793 0.25436335764494594 0.04553267589344294 0.046042840343633
0 0.5896606551703772 0.3104495833346864 0.03953734387822046 0.05196529172311406
0 0.5897362510257642 0.3699474140673811 0.0487850098858317 0.049331614653892505
0 0.5939090978697343 0.4339280269122513 0.045405341901054184 0.042917840343632996
0 0.5403981428130876 0.254312447988579 0.04715884288963732 0.04768722749876284
0 0.5451612386684745 0.3135646172558844 0.05210101087441501 0.05418288896415202
0 0.5444555845238614 0.37310339156614386 0.039728344866803766 0.05665279172311406
0 0.5478471813678315 0.43712494798857904 0.04715884288963732 0.04768722749876275
0 0.49586689281308766 0.2566462319097769 0.04872134288963732 0.04776911465389251
0 0.4960379891627661 0.31848781264247156 0.0409725098858317 0.048922178878243815
0 0.497676085018153 0.3779037562200364 0.0487850098858317 0.049331614653892505
0 0.4994096813678315 0.4396634497976013 0.04872134288963732 0.04776911465389251
0 0.6860222965005903 0.5809867333801149 0.052037343878220454 0.0526203889641522
0 0.6775996428502686 0.6432786934660232 0.04910334486680377 0.057144114653892686
0 0.6690496552075584 0.7024456535519314 0.04278967787060939 0.05525406603337348
0 0.6607543355496256 0.7678626136378398 0.05522601087441501 0.05434666327441171
0 0.6416992935348407 0.569217073723748 0.0487850098858317 0.049331614653892505
0 0.6308055558921304 0.6285068645423509 0.05041117688202625 0.050976001809022266
0 0.6207567352456145 0.6893182117833889 0.05047484387822045 0.05253850180902227
0 0.6146778315952929 0.7514873411366025 0.04923067885919252 0.06026911465389251
0 0.594841539580508 0.5528827448000757 0.05047484387822045 0.05253850180902227
0 0.5847608854358949 0.6129128420411136 0.053599843878220456 0.05270227611928178
0 0.5763700652836705 0.675986052127022 0.053599843878220456 0.05270227611928178
0 0.5656354951314462 0.7391820929456248 0.052037343878220454 0.0526203889641522
0 0.550423036120467 0.5387693351437088 0.05041117688202625 0.050976001809022266
0 0.5388117154739509 0.5996625695398765 0.04122717787060921 0.05517217887824373
0 0.5288265618236295 0.6620364167809145 0.05041117688202625 0.050976001809022266
0 0.5195589911771135 0.7228068204443877 0.046042011862998146 0.058542840343633176
0 0.5037244496566202 0.5263412562200365 0.052037343878220454 0.05262038896415202
0 0.4936437955120071 0.5863713534610744 0.04916701186299814 0.05870661465389269
0 0.48209614186168553 0.6488270878572422 0.05210101087441501 0.05418288896415202
0 0.4736416547132668 0.7103377979431504 0.05522601087441501 0.05434666327441153
0 0.43149001091159594 0.42521584746818064 0.05697951186299814 0.05911605042954129
0 0.4061199377936221 0.4750863726829513 0.0519100098858317 0.04949538896415202
0 0.37752936418135663 0.5227769222079814 0.05366351087441501 0.05426477611928178
0 0.34897062406718843 0.5712487217330116 0.051973676882026074 0.05105788896415202
0 0.32141596843970055 0.6251483276804769 0.05841467787060939 0.056072937584671044
0 0.39552333600673617 0.3879548648810352 0.044479511862998145 0.05846095318850324
0 0.36618334589256796 0.4364676079836302 0.0503475098858317 0.049413501809022264
0 0.3416263562726913 0.48707843962083597 0.05041117688202608 0.050976001809022266
0 0.31231819965662017 0.536372432723431 0.052037343878220454 0.05262038896415202
0 0.2847953775272295 0.5910532886708963 0.05697951186299814 0.05911605042954129
0 0.358870911596168 0.35307857587145464 0.051973676882026074 0.05105788896415202
0 0.3287496714819997 0.40163226255161455 0.044543178859192525 0.06002345318850324
0 0.3041290148659287 0.4506805941888203 0.053599843878220546 0.05270227611928178
0 0.2763515247517604 0.49911145013628555 0.05047484387822054 0.05253850180902227
0 0.24863770163378654 0.5491048060837509 0.0568521778706093 0.05599105042954129
0 0.3227769026989194 0.31269259328430915 0.05522601087441492 0.05434666327441153
0 0.29519041357333436 0.36581094923177443 0.04884867688202608 0.05089411465389251
0 0.2665680064629717 0.4127202487568046 0.05041117688202616 0.050976001809022266
0 0.23745085083548378 0.4667017418593996 0.052037343878220545 0.05262038896415202
0 0.21276652722321834 0.5141875734966054 0.044543178859192525 0.06002345318850324