0 0.08971151913067317 0.91640625 0.08785855027685519 0.103125
0 0.09490776373200234 0.8109375 0.09300712523071267 0.0859375
0 0.10151631400885752 0.7078125 0.08323160703211538 0.0796875
0 0.10573104951088808 0.60546875 0.0864567365817647 0.08125
0 0.16818697255444576 0.9109375 0.07980621838316741 0.075
0 0.17772026373200234 0.8109375 0.07123225478036196 0.0875
0 0.18432881400885753 0.7078125 0.08313147748246603 0.078125
0 0.19186880861018668 0.60234375 0.08479410703211539 0.0796875
0 0.2502682873292704 0.91015625 0.08479410703211539 0.0796875
0 0.256195717155775 0.80546875 0.07990634793281667 0.0765625
0 0.26295446175710413 0.7 0.08313147748246603 0.078125
0 0.2678002529346607 0.6 0.07395673658176474 0.08125
0 0.328743740753043 0.9046875 0.08489423658176473 0.08125
0 0.4020811112033938 0.90625 0.08313147748246603 0.078125
0 0.3325579580564763 0.80859375 0.08303134793281677 0.0765625
0 0.3464480822074548 0.7015625 0.0765205320782579 0.096875
0 0.3482690029346607 0.6 0.08156897748246603 0.078125
0 0.412145328506827 0.81015625 0.07738212523071261 0.0859375
0 0.4205166378829809 0.70390625 0.08303134793281668 0.0765625
0 0.42551262338501133 0.6015625 0.07455751387966067 0.090625
0 0.13162742520302606 0.34765625 0.09809514342930994 0.0921875
0 0.1614732163805826 0.24765625 0.08811936613141405 0.0828125
0 0.18824407233296384 0.146875 0.09154475478036198 0.0875
0 0.21183986351052037 0.046875 0.07944527297895929 0.09375
0 0.20795009330933828 0.37578125 0.07934514342930994 0.0921875
0 0.2369145049372455 0.27734375 0.089681866131414 0.0828125
0 0.2622730552141007 0.17421875 0.089681866131414 0.0828125
0 0.2915378554909559 0.07109375 0.09809514342930994 0.0921875
0 0.2847536227667026 0.40859375 0.09320738433001133 0.0890625
0 0.3118248673680317 0.303125 0.08978199568106326 0.084375
0 0.33796466764488686 0.2 0.08801923658176473 0.08125
0 0.3658171622462161 0.09453125 0.09653264342930994 0.0921875
0 0.35966398519748877 0.434375 0.09310725478036197 0.0875
0 0.3842412854743439 0.33125 0.08821949568106344 0.084375
0 0.4116932618770758 0.23203125 0.08090764342931003 0.0921875
0 0.4419395712532296 0.12578125 0.08323160703211521 0.0796875
0 0.43598665330380093 0.4625 0.09310725478036197 0.0875
0 0.46003302745477936 0.35546875 0.07778264342931003 0.0921875
0 0.4867037538575113 0.25625 0.07788277297895937 0.09375
0 0.5182121745847172 0.1546875 0.09290699568106327 0.084375
0 0.5324041710409728 0.628125 0.09819527297895939 0.09375
0 0.5884551095053507 0.6921875 0.09310725478036197 0.0875
0 0.6417815661683258 0.75 0.09487001387966068 0.090625
0 0.6946073750830544 0.815625 0.09330751387966067 0.090625
0 0.5912167689737897 0.5515625 0.08978199568106326 0.084375
0 0.6409547555555544 0.4703125 0.09154475478036198 0.0875
0 0.6968926773624944 0.38984375 0.08655686613141392 0.0828125
0 0.7489744139442591 0.30859375 0.08988212523071262 0.0859375
0 0.64527441086194 0.61015625 0.0896818661314139 0.0828125
0 0.6982504141011426 0.6734375 0.08489423658176473 0.08125
0 0.7528890468899944 0.73515625 0.07778264342931003 0.0921875
0 0.696374638344406 0.53203125 0.08811936613141391 0.0828125
0 0.7519447154577319 0.59140625 0.08811936613141391 0.0828125
0 0.8062328948228112 0.65859375 0.08655686613141392 0.0828125
0 0.8549893723052773 0.58046875 0.09300712523071261 0.0859375
0 0.905989470238094 0.50390625 0.08559514342931003 0.0921875
0 0.803826192940198 0.51328125 0.08479410703211557 0.0796875
0 0.7497184862772229 0.45546875 0.08811936613141391 0.0828125
0 0.8011191024086368 0.37265625 0.08655686613141426 0.0828125
0 0.8564388556478395 0.4359375 0.07788277297895903 0.09375