0 0.29055465171033623 0.304824985750042 0.05946784190105418 0.04466764381548423
0 0.34989781821223903 0.29989183129089614 0.05165534190105418 0.04412134059717552
0 0.40849156821223903 0.29579455715358105 0.0487850098858317 0.05015281930985207
0 0.46939723471414185 0.2907521420507734 0.0487850098858317 0.05015281930985207
0 0.2963390780980708 0.35064558414088765 0.04853034190105419 0.04390281930985207
0 0.3525254111018764 0.3451497009690653 0.0487850098858317 0.05015281930985207
0 0.4103697445999736 0.34188830715358104 0.045469008897248565 0.04524679802252862
0 0.47127541110187643 0.33684589205077337 0.045405341901054184 0.04368429802252862
0 0.29968425399151377 0.3942863234972259 0.04228034190105419 0.04346577673520517
0 0.354244419999125 0.3873372009690652 0.042407675893442943 0.046590776735205085
0 0.41137117049341654 0.3856929374754119 0.04553267589344294 0.046809298022528534
0 0.47302625349722216 0.37981464205077337 0.04228034190105419 0.04346577673520517
0 0.2990913463868595 0.43741896446271855 0.04553267589344294 0.046809298022528624
0 0.35680834589256794 0.43103257064723444 0.0503475098858317 0.05026207995351371
0 0.4139669298849567 0.430169557153581 0.0456600098858317 0.04993429802252862
0 0.4756538463868595 0.42507251172894256 0.043906508897248564 0.04513753737886681
0 0.30081035528410804 0.4796064644627186 0.04553267589344294 0.046809298022528624
0 0.3610621057783997 0.4777436796817417 0.04228034190105419 0.043465776735205
0 0.41734393927649693 0.4745915465099193 0.04559634288963732 0.048371798022528625
0 0.4775320227745941 0.47116626172894255 0.05009284190105419 0.04401207995351371
0 0.6157774861970167 0.2875675218684012 0.0503475098858317 0.0502620799535138
0 0.6747850716722802 0.2936264977310861 0.04884867688202625 0.05171531930985207
0 0.7322619906456409 0.30057598423743276 0.04715884288963732 0.048481058666190346
0 0.7943945761209044 0.30641643881279423 0.061030341901054184 0.04477690445914586
0 0.6034339950942652 0.3307383676613568 0.05465300790866543 0.041214861884498966
0 0.6601933310638203 0.3393049844895343 0.0487850098858317 0.05015281930985207
0 0.7192645835352782 0.3469264603522192 0.054780341901054186 0.04433986188449897
0 0.7782085020143474 0.35142293621490417 0.053599843878220456 0.05360560124083724
0 0.5872479209877082 0.3757448650634667 0.05465300790866543 0.041214861884498966
0 0.6447566734591661 0.3834756015698134 0.05041117688202625 0.05182457995351371
0 0.706171675930624 0.3909331864670057 0.05946784190105418 0.04466764381548423
0 0.7660560119001791 0.39928128200785984 0.0503475098858317 0.0502620799535138
0 0.572592513383054 0.41986085182191496 0.0487850098858317 0.05015281930985207
0 0.6317274328507063 0.4290448276845999 0.05152800790866543 0.04099634059717552
0 0.6907986853221642 0.43666630354728486 0.05041117688202625 0.05182457995351371
0 0.7498381042955249 0.4435065294099697 0.04884867688202625 0.05171531930985207
0 0.5603126892764969 0.46459419761487053 0.05041117688202625 0.05182457995351371
0 0.6186026917479548 0.47227030379938634 0.0503475098858317 0.05026207995351371
0 0.6777376112156072 0.48145427966207127 0.051973676882026074 0.05193384059717552
0 0.7375582801889677 0.48823987520292533 0.05210101087441501 0.055058840597175515
0 0.46298670311666135 0.5372118788092216 0.05366351087441501 0.05516810124083733
0 0.5101627920519659 0.5605511898212004 0.0487850098858317 0.05015281930985207
0 0.5558718814815622 0.5863435114768409 0.0503475098858317 0.05026207995351371
0 0.6023622209111584 0.6120812028106506 0.0487850098858317 0.05015281930985207
0 0.6535400603407547 0.6374911122134751 0.06115767589344294 0.04790190445914586
0 0.4260424600367435 0.5727012645789341 0.0487850098858317 0.05015281930985207
0 0.47334588296443697 0.5991655755909129 0.04715884288963732 0.04848105866619044
0 0.5212713884016444 0.6216690062810608 0.0503475098858317 0.05026207995351371
0 0.5677935613293379 0.6481879476148705 0.0503475098858317 0.05026207995351371
0 0.6205657342570313 0.6742698463740333 0.05685217787060939 0.05694912252816078
0 0.3922550504549229 0.6087533790613231 0.0503475098858317 0.05026207995351371
0 0.4388090568807136 0.6360535703951328 0.05790534190105419 0.04455838317182241
0 0.48598514581601826 0.6593928814071116 0.051973676882026254 0.05193384059717552
0 0.5316624017475172 0.6844039530627521 0.05627917490485963 0.04288662252816078
0 0.5797152411771135 0.7100323837529002 0.053599843878220456 0.05360560124083733
0 0.3537483073750052 0.6443520254746974 0.052037343878220545 0.05349634059717552
0 0.4041767303026986 0.6705978151993527 0.0487850098858317 0.05015281930985207
0 0.44832331973229483 0.696499397498655 0.04559634288963732 0.048371798022528625
0 0.5003142426599883 0.7226359265796486 0.05940417490485981 0.04310514381548423
0 0.5458959980971958 0.7453032482352893 0.04891234387822045 0.05327781930985189