0 0.739870319435451 0.4585702191358406 0.04473192496187508 0.04473564732681172
0 0.7403599754956245 0.5045729638741687 0.03539329255305575 0.04575211575678075
0 0.7407768963734369 0.553700708612497 0.038409189779513755 0.04124662628012423
0 0.7427381334556592 0.6035186980891531 0.041570557370694414 0.04299113680346807
0 0.7007169004574996 0.4647516006776368 0.03837282218833345 0.03968412628012441
0 0.6989355417000342 0.5077658533084728 0.03677395459715278 0.03803062101845249
0 0.6993160949866661 0.5584560980468009 0.036737587005972114 0.036468121018452496
0 0.7013500672512494 0.6051490875234572 0.03993532218833344 0.03977513154179633
0 0.661618032866319 0.46858923221943305 0.03517508700597212 0.03637711575678075
0 0.6248992828663191 0.4707278558687215 0.036737587005972114 0.036468121018452496
0 0.5881259814795482 0.47521022951800995 0.03513871941479163 0.034814615756780756
0 0.6605997403132634 0.5123392322194331 0.03212282218833344 0.03932010523343692
0 0.6602535949866661 0.5607312295885971 0.036810322188333446 0.03959312101845249
0 0.6622330158644786 0.6097679690652533 0.03677395459715278 0.03803062101845249
0 0.6230270051309024 0.5176483584995575 0.03517508700597212 0.03637711575678075
0 0.6227535949866662 0.5629153558687214 0.03993532218833344 0.03977513154179633
0 0.6224256334556592 0.6105261032378856 0.03521145459715278 0.03793961575678075
0 0.5863446227220829 0.5182244821488459 0.03361258700597229 0.03628611049510884
0 0.5860166611910759 0.56583522951801 0.03833645459715278 0.03812162628012441
0 0.5833449496600689 0.6135824847796818 0.03837282218833345 0.03968412628012441
0 0.7397378071832632 0.7324249480891531 0.044695557370694416 0.043173147326811726
0 0.729108125287534 0.7868772296591844 0.04792966014423605 0.04804265785015556
0 0.7200045758006242 0.8428010059675437 0.04476829255305574 0.04629814732681155
0 0.7085390925181242 0.8996425401684107 0.043423998100139014 0.055582142065139804
0 0.6986224979127077 0.7223365875234572 0.033903527735416716 0.048786110495108836
0 0.686466683608159 0.7753173743551601 0.043205792553055566 0.0462071420651398
0 0.6766182517124297 0.8297241532943553 0.041570557370694414 0.04299113680346807
0 0.6667516360211103 0.8849121822335505 0.046403527735416714 0.04951415258848364
0 0.6591424238245132 0.7090322216960894 0.041570557370694414 0.04299113680346807
0 0.6478224109067354 0.7596237558969563 0.033903527735416716 0.048786110495108836
0 0.6364296628065965 0.8133402900978233 0.04476829255305557 0.04629814732681155
0 0.6249459957285062 0.8709630742986905 0.03713763050895835 0.05365562101845249
0 0.6196077983495479 0.6980716058687214 0.04316942496187508 0.04464464206513981
0 0.6082696016361799 0.7494443900695885 0.041570557370694414 0.04299113680346807
0 0.5953143535360409 0.8032519295321274 0.04320579255305575 0.0462071420651398
0 0.5838670540491312 0.8593122137329944 0.0356478656913195 0.056689615756780755
0 0.580872606670173 0.6862842374105178 0.03997168977951393 0.04133763154179633
0 0.5703520275479855 0.7360490189805489 0.043133057370694415 0.04308214206513998
0 0.557433147039027 0.7882940584430876 0.03546602773541672 0.048877115756780755
0 0.5444415313477076 0.8436640979056266 0.03702852773541672 0.04896812101845249
0 0.528930206593923 0.6050489189381965 0.04160692496187508 0.044553636803468064
0 0.4999142006099994 0.6449682636482897 0.04149782218833344 0.039866136803468066
0 0.4763851284216661 0.6837878399425316 0.04000805737069442 0.042900131541796324
0 0.4481140048465619 0.725224182021789 0.04160692496187508 0.044553636803468064
0 0.42215026368027714 0.7680865162085386 0.038736498100139016 0.05530912628012441
0 0.4999518746219439 0.5763092689099617 0.038663762917777865 0.05218412628012441
0 0.47402450104683974 0.6176091030967112 0.041570557370694414 0.04299113680346807
0 0.44816986265409664 0.6557839372834608 0.041570557370694414 0.04299113680346807
0 0.4222970404657633 0.6947400214702104 0.032341027735416715 0.04869510523343692
0 0.39478898309506877 0.7369121109186318 0.047966027735416715 0.04960515785015538
0 0.47480705746760365 0.5504671057275472 0.03702852773541672 0.04896812101845249
0 0.4481893528704509 0.5879061925451327 0.03840918977951393 0.04124662628012423
0 0.42153528068211743 0.6269077793627182 0.04316942496187508 0.04464464206513998
0 0.39486302469819384 0.6666906161803037 0.03837282218833345 0.03968412628012441
0 0.36817258491867993 0.7072547029978893 0.04633079255305557 0.04638915258848364
0 0.4481906592912148 0.5208096978068045 0.04473192496187508 0.0447356473268119
0 0.4206826019205203 0.5629817872552259 0.04473192496187508 0.0447356473268119
0 0.39566376491454813 0.5987673688111397 0.04316942496187508 0.04464464206513998
0 0.3682102589306244 0.638595708259561 0.043133057370694415 0.04308214206513998
0 0.34228288535552026 0.6798955424463106 0.03713763050895835 0.05365562101845249