0 0.0890625 0.22421875 0.090625 0.0671875
0 0.18828125 0.221875 0.0828125 0.065625
0 0.2828125 0.22109375 0.090625 0.0671875
0 0.38515625 0.21796875 0.0796875 0.0671875
0 0.103125 0.29921875 0.08125 0.0640625
0 0.1890625 0.29921875 0.084375 0.0671875
0 0.28828125 0.29765625 0.0796875 0.0609375
0 0.38671875 0.29453125 0.0796875 0.0671875
0 0.10625 0.37421875 0.084375 0.0609375
0 0.196875 0.375 0.084375 0.0625
0 0.29453125 0.37265625 0.0796875 0.0640625
0 0.384375 0.36953125 0.096875 0.0703125
0 0.11953125 0.440625 0.0734375 0.059375
0 0.2046875 0.44453125 0.0875 0.0609375
0 0.29921875 0.44375 0.0734375 0.0625
0 0.396875 0.44453125 0.08125 0.0609375
0 0.125 0.509375 0.078125 0.05625
0 0.21171875 0.5140625 0.0765625 0.059375
0 0.30234375 0.51640625 0.0765625 0.0640625
0 0.39453125 0.515625 0.0765625 0.059375
0 0.6328125 0.22578125 0.090625 0.0796875
0 0.73125 0.246875 0.090625 0.071875
0 0.82890625 0.26953125 0.0890625 0.0734375
0 0.93671875 0.2921875 0.1015625 0.071875
0 0.6046875 0.30703125 0.09375 0.0671875
0 0.70078125 0.32890625 0.0953125 0.0671875
0 0.8 0.34921875 0.09375 0.0671875
0 0.903125 0.36640625 0.10625 0.0671875
0 0.5796875 0.37734375 0.09375 0.0640625
0 0.671875 0.40078125 0.0875 0.0609375
0 0.76640625 0.41953125 0.0984375 0.0609375
0 0.865625 0.43984375 0.09375 0.0671875
0 0.55234375 0.44921875 0.0921875 0.0609375
0 0.64453125 0.46875 0.0921875 0.0625
0 0.73359375 0.48984375 0.0890625 0.0609375
0 0.8328125 0.51015625 0.09375 0.0640625
0 0.525 0.5171875 0.084375 0.065625
0 0.61640625 0.5390625 0.0828125 0.065625
0 0.7078125 0.55703125 0.084375 0.0671875
0 0.80390625 0.5765625 0.0921875 0.06875
0 0.371875 0.6125 0.084375 0.0625
0 0.44296875 0.65546875 0.0828125 0.0609375
0 0.51328125 0.6953125 0.0859375 0.059375
0 0.58203125 0.73671875 0.0828125 0.0609375
0 0.6515625 0.778125 0.08125 0.0625
0 0.31875 0.66015625 0.084375 0.0640625
0 0.3921875 0.70078125 0.084375 0.0609375
0 0.459375 0.74140625 0.078125 0.0640625
0 0.52734375 0.78046875 0.0765625 0.0609375
0 0.596875 0.8203125 0.08125 0.059375
0 0.26953125 0.70390625 0.0859375 0.0609375
0 0.3375 0.74765625 0.078125 0.0578125
0 0.40625 0.784375 0.078125 0.059375
0 0.478125 0.82421875 0.08125 0.0546875
0 0.54375 0.86328125 0.090625 0.0515625
0 0.2203125 0.7484375 0.078125 0.05625
0 0.28828125 0.7890625 0.0765625 0.0625
0 0.35546875 0.828125 0.0765625 0.05625
0 0.42421875 0.86640625 0.0796875 0.0546875
0 0.4921875 0.90546875 0.08125 0.0546875