0 0.044199767860463056 0.14038689782308175 0.08839953572092611 0.09378969473518964
0 0.14479650721004655 0.134360097915749 0.09488185598499985 0.08743056733052793
0 0.24792150721004655 0.1307588935619125 0.08665925287472209 0.08247024881887363
0 0.3504703087651854 0.12484122105924145 0.08835845391148131 0.0840873125212045
0 0.04037213883120388 0.21756695671608917 0.08074427766240776 0.07314981252120453
0 0.13755135226180598 0.21717259791574897 0.08326085080120356 0.07923612141421188
0 0.24067635226180598 0.21357139356191251 0.09806564458064804 0.07040675843752045
0 0.34607675174342634 0.21066959365457977 0.09663984561740727 0.07191469473518967
0 0.03909331135708359 0.2995436430137583 0.07818662271416718 0.07180556733052797
0 0.13618505042384316 0.295106624957591 0.0931047425071295 0.06711806733052797
0 0.24165380042384318 0.29142357505025823 0.08652255183796279 0.0809077488188736
0 0.3417221509422228 0.2871502481010834 0.08156164976444433 0.07761905771188111
0 0.039513684919722555 0.37747767005560035 0.07902736983944511 0.06884425843752044
0 0.03181876211101892 0.4517509837579311 0.06363752422203783 0.07923612141421188
0 0.1263616996226396 0.3717782523622527 0.09365154665416653 0.07336806733052796
0 0.23277779495722295 0.3750718887525891 0.08992095391148132 0.0841418762235353
0 0.33475039806750073 0.36683774810108344 0.09324144354388882 0.06868056733052796
0 0.11782744674791754 0.4515203160645836 0.0850967528747221 0.08241568511654282
0 0.22394074571115832 0.44937248430608534 0.08496005183796278 0.08085318511654283
0 0.32642119674791753 0.44423606180341435 0.09833904665416657 0.07353175843752062
0 0.6074626025446299 0.12521321017465023 0.10195206220555537 0.09702382213985135
0 0.7054120869932411 0.14515863322547545 0.08835845391148141 0.0840873125212045
0 0.8044162235153708 0.16195177442513525 0.0967177580585183 0.09061013103285882
0 0.9098754115926393 0.17618291081547163 0.09841695909527744 0.09222719473518959
0 0.5724342001882874 0.20510160681660566 0.09162015494824054 0.08575893992586625
0 0.6688895351552782 0.2243203435697617 0.09148345391148141 0.08419643992586626
0 0.7703741227141672 0.23946913921592525 0.09148345391148141 0.08419643992586626
0 0.8715169576811579 0.2585241848620887 0.10181536116879605 0.0954613221398514
0 0.5327866483503246 0.28437244456555366 0.09501855702175917 0.08899306733052796
0 0.6364782848724543 0.30100189465822086 0.09345605702175916 0.08893850362819702
0 0.7378945219129637 0.3169319403043843 0.09535074769092589 0.07498513103285873
0 0.8415178079167138 0.3343426403970516 0.09841695909527744 0.09222719473518967
0 0.5002386970307414 0.3626164956540127 0.0935927580585183 0.09050100362819702
0 0.6018599856263896 0.3762027913001763 0.09331935598499985 0.08737600362819702
0 0.6992332716301396 0.3938317462021669 0.09189355702175916 0.08888393992586616
0 0.8033644055603713 0.4143401644436687 0.0852334539114814 0.08397818511654283
0 0.4645657457111582 0.4409696741471335 0.09501855702175917 0.08899306733052796
0 0.5708061837884267 0.4551735286863045 0.10003824769092588 0.07514882213985138
0 0.6682478203105566 0.4720212335882952 0.0899209539114814 0.0841418762235353
0 0.767691454240788 0.49269334293678957 0.09345605702175916 0.08893850362819719
0 0.2903579746931492 0.5537573947430389 0.10038956220555537 0.09696925843752044
0 0.22025123477791783 0.6161780383897695 0.1007217528747221 0.08296132213985138
0 0.15816204641782539 0.6759821135248456 0.09699116013203687 0.09373513103285873
0 0.08761580909449215 0.7345237890227416 0.09685445909527761 0.09217263103285873
0 0.36213593840657526 0.605771273328827 0.09874914976444434 0.07821925843752062
0 0.43948995885893644 0.6474652108076224 0.10201085080120365 0.07989088584218215
0 0.5147346751642606 0.6954637119887488 0.0899209539114814 0.0841418762235353
0 0.5927332445798627 0.7386928676163789 0.09189355702175916 0.08888393992586625
0 0.2985526005648624 0.6648486621662341 0.08849515494824053 0.08564981252120454
0 0.23021341220476993 0.7248709921106337 0.08665925287472209 0.08247024881887359
0 0.16343672384467745 0.7848387583527024 0.09704994872768502 0.0766021947351895
0 0.37264491998046434 0.7082142270496912 0.10288984561740726 0.0721329495445131
0 0.3080752805836126 0.7696626477382638 0.09175685598499986 0.08732143992586625
0 0.23569314118676088 0.8313838869384906 0.08835845391148131 0.08408731252120454
0 0.31005886267588134 0.8716244518219478 0.10357335080120356 0.07994544954451292
0 0.3825886820914833 0.9150445804077358 0.0951552580585183 0.09055556733052797
0 0.3820308989624553 0.8145907126217209 0.08822175287472209 0.08252481252120454
0 0.4449696878409274 0.7539781056354793 0.09175685598499986 0.08732143992586608
0 0.5236811567381497 0.7979612294119439 0.08863185598499967 0.08721231252120454
0 0.45527361785967757 0.8587648093563436 0.09005765494824054 0.0857043762235353