0 0.22320036305367702 0.6803938352960017 0.04789397095570589 0.0551965773392725
0 0.22523738234970891 0.6226086072963198 0.04538427759440165 0.042678396005727134
0 0.22979575040098532 0.5624523572963198 0.0522262734452168 0.05056362133990877
0 0.23423571928209874 0.5038586072963198 0.04656826929603195 0.058303396005727134
0 0.27187466139400307 0.676705213956093 0.05054537427505377 0.048982940006363405
0 0.2761370315198719 0.6204552139560929 0.050308575934727706 0.04585794000636341
0 0.2789553008159038 0.5626608952896384 0.05054537427505377 0.048982940006363405
0 0.2818327696970172 0.5040853266231838 0.050426975104890734 0.047420440006363404
0 0.3172463609790846 0.6753967052832751 0.047065176764564676 0.044259077339272326
0 0.3230120315198719 0.6199097739497296 0.050308575934727706 0.04585794000636341
0 0.3281740508159038 0.5620881832829568 0.04273287427505377 0.04889203333863605
0 0.33159597135669117 0.5066285239497296 0.047775571785542856 0.05363407733927232
0 0.3649618105641661 0.6740609246101389 0.050308575934727706 0.04585794000636341
0 0.3698870315198719 0.6193643339433662 0.04140717261537983 0.05199885200509069
0 0.37559350247557777 0.5646586526098207 0.05054537427505377 0.048982940006363405
0 0.3778673201119357 0.5037484246101389 0.050308575934727706 0.04585794000636341
0 0.4102743105641661 0.673533665937321 0.04609467261537983 0.05205339600572696
0 0.4152587311049534 0.6180558252705483 0.047065176764564676 0.044259077339272326
0 0.41766260330541477 0.5657302566040938 0.053670374275053764 0.04901930267345413
0 0.42540517094177266 0.5047563939370029 0.04476897095570589 0.055160214672181594
0 0.24325828961774904 0.35388587929663806 0.05473596680652104 0.06308180267345423
0 0.2615123047645961 0.28810633796150176 0.06219326929603195 0.05848520934118149
0 0.28042917074128004 0.22388020595959274 0.058831470955705886 0.055323846674090585
0 0.2937472321538606 0.15113304929186555 0.06543666846619497 0.06008407200827235
0 0.2920742979161188 0.3689290766231838 0.0572689709557058 0.05530566534054513
0 0.31015071430772123 0.30549328528804753 0.05894987012586883 0.05688634667409058
0 0.3258241811142422 0.24286601595322937 0.04848596680652095 0.0630090773392725
0 0.3423264421119043 0.1693012466184113 0.057245660167825105 0.07559998400699967
0 0.3416715562144885 0.38396318328295687 0.05305506763635801 0.061501121339908774
0 0.3601740250956019 0.32520580128104787 0.05871307178554286 0.053761346674090583
0 0.3751254414872044 0.2618063726130025 0.06051237012586883 0.05690452800763594
0 0.39193535580421446 0.19448251261141164 0.05352866431701005 0.06775112133990877
0 0.3872441653426953 0.4006052432765935 0.05715057178554286 0.05374316534054522
0 0.40736833380889015 0.3410484299411391 0.04969326929603195 0.05833975867281786
0 0.4221421514452481 0.27999275127309364 0.05726897095570589 0.05530566534054513
0 0.44291751534733964 0.21184218793763923 0.0638741684661948 0.06006589067472694
0 0.433479625300739 0.41880071260345747 0.05414397095570589 0.05526930267345413
0 0.4505379933520154 0.35849901193509387 0.056913773445216795 0.050618165340545127
0 0.4709581597436179 0.29503594859963944 0.06063076929603195 0.058467028007636035
0 0.49028942281587246 0.22534106659773046 0.05568316016782511 0.07558180267345423
0 0.49471127799538694 0.5172194839274579 0.0482491684661948 0.0598840773392725
0 0.5277139547599516 0.47312403859009444 0.05402557178554268 0.05370680267345414
0 0.5637824319394348 0.42977348058564 0.05726897095570571 0.05530566534054522
0 0.5987620057995701 0.3801911039147312 0.05715057178554286 0.05374316534054513
0 0.6384882792447868 0.32977293324318596 0.06027557178554286 0.05377952800763604
0 0.5238417483263929 0.5551280165897763 0.05546967261537965 0.052162484006999674
0 0.5595433726014466 0.5063177992520946 0.06039397095570589 0.05534202800763595
0 0.5955526501958482 0.4637484912476403 0.06039397095570589 0.05534202800763595
0 0.6325799761305759 0.41804509257641326 0.04969326929603195 0.05833975867281786
0 0.6698441004056297 0.3692166939051862 0.054499168466194806 0.059956802673454226
0 0.5544755190723173 0.5937996179185492 0.05390717261537983 0.052144302673454136
0 0.5924616937622895 0.5457433785805493 0.0537887734452168 0.050581802673454135
0 0.6262456205268542 0.5016388425764132 0.0553512734452168 0.05059998400699968
0 0.6651314443869895 0.45201101257164067 0.05703217261537965 0.05218066534054522
0 0.6987377723963096 0.4102502265675046 0.05535127344521662 0.05059998400699968
0 0.5858788844243014 0.6223149692473221 0.05222627344521662 0.05056362133990877
0 0.6227878111888661 0.5781740705760952 0.057150571785542684 0.05374316534054522
0 0.6587378891981862 0.5363860125716406 0.04765717261537965 0.052071577339272326
0 0.6917405659627509 0.4922905672342773 0.04848596680652086 0.0630090773392725
0 0.7306855894079676 0.4418814872295048 0.05894987012586892 0.05688634667409058