0 0.09609375 0.15625 0.0953125 0.075
0 0.19375 0.1546875 0.08125 0.078125
0 0.2890625 0.1546875 0.078125 0.06875
0 0.38359375 0.15234375 0.0765625 0.0734375
0 0.10078125 0.228125 0.0734375 0.065625
0 0.19375 0.23125 0.08125 0.0625
0 0.2890625 0.23125 0.084375 0.0625
0 0.38671875 0.23203125 0.0828125 0.0640625
0 0.1015625 0.30390625 0.08125 0.0640625
0 0.1984375 0.303125 0.08125 0.059375
0 0.29609375 0.303125 0.0828125 0.0625
0 0.3890625 0.30234375 0.075 0.0640625
0 0.10703125 0.3765625 0.0859375 0.0625
0 0.10546875 0.44453125 0.0828125 0.0609375
0 0.19609375 0.37421875 0.0796875 0.0640625
0 0.29453125 0.38046875 0.0890625 0.0640625
0 0.3890625 0.3765625 0.08125 0.0625
0 0.19453125 0.44765625 0.0796875 0.0671875
0 0.29296875 0.44921875 0.0828125 0.0609375
0 0.3875 0.44765625 0.084375 0.0640625
0 0.621875 0.1609375 0.09375 0.078125
0 0.71484375 0.1828125 0.0859375 0.065625
0 0.8078125 0.2015625 0.090625 0.071875
0 0.90703125 0.21796875 0.0984375 0.0671875
0 0.59609375 0.23359375 0.0859375 0.0671875
0 0.6875 0.2546875 0.0875 0.065625
0 0.7828125 0.271875 0.084375 0.06875
0 0.878125 0.29296875 0.09375 0.0765625
0 0.565625 0.30625 0.090625 0.071875
0 0.66328125 0.325 0.0859375 0.071875
0 0.75859375 0.34296875 0.0828125 0.0671875
0 0.85625 0.3625 0.096875 0.071875
0 0.5421875 0.37734375 0.09375 0.0671875
0 0.6375 0.39375 0.090625 0.065625
0 0.72890625 0.41328125 0.0859375 0.0703125
0 0.82734375 0.43515625 0.0859375 0.0609375
0 0.515625 0.44921875 0.096875 0.0640625
0 0.61484375 0.465625 0.0859375 0.065625
0 0.70703125 0.484375 0.0859375 0.065625
0 0.80078125 0.50703125 0.0890625 0.0703125
0 0.3625 0.5484375 0.09375 0.078125
0 0.303125 0.60390625 0.0875 0.0734375
0 0.25 0.65703125 0.090625 0.0765625
0 0.1890625 0.709375 0.090625 0.075
0 0.43359375 0.5984375 0.0859375 0.06875
0 0.50859375 0.63984375 0.0890625 0.0703125
0 0.5828125 0.68671875 0.0875 0.0640625
0 0.65859375 0.7296875 0.0890625 0.06875
0 0.3796875 0.6515625 0.0875 0.065625
0 0.32109375 0.7046875 0.0859375 0.0625
0 0.2640625 0.75859375 0.084375 0.0671875
0 0.4515625 0.69453125 0.090625 0.0640625
0 0.396875 0.74921875 0.0875 0.0671875
0 0.334375 0.80390625 0.0875 0.0640625
0 0.40703125 0.84375 0.0890625 0.071875
0 0.47734375 0.88671875 0.0859375 0.0734375
0 0.46875 0.79296875 0.08125 0.0671875
0 0.52265625 0.7390625 0.0890625 0.065625
0 0.59921875 0.78203125 0.0859375 0.0671875
0 0.540625 0.83671875 0.0875 0.0671875