0 0.27734375 0.325 0.0578125 0.040625
0 0.3359375 0.32421875 0.05 0.0421875
0 0.39453125 0.32421875 0.0515625 0.0390625
0 0.4546875 0.3234375 0.053125 0.040625
0 0.28125 0.37109375 0.046875 0.0390625
0 0.33671875 0.36953125 0.0546875 0.0359375
0 0.39453125 0.3703125 0.0484375 0.0375
0 0.4546875 0.36953125 0.046875 0.0359375
0 0.2828125 0.41484375 0.046875 0.0359375
0 0.33671875 0.41171875 0.0484375 0.0359375
0 0.39375 0.4140625 0.05 0.0375
0 0.4546875 0.4125 0.04375 0.0375
0 0.28046875 0.45703125 0.0484375 0.0390625
0 0.3375 0.4546875 0.053125 0.04375
0 0.39453125 0.4578125 0.0515625 0.0375
0 0.45546875 0.45703125 0.0484375 0.0359375
0 0.28046875 0.49921875 0.0484375 0.0390625
0 0.33984375 0.5015625 0.0453125 0.0375
0 0.39609375 0.50234375 0.0515625 0.0390625
0 0.45546875 0.503125 0.0484375 0.040625
0 0.6 0.33046875 0.05 0.0453125
0 0.65859375 0.340625 0.0515625 0.04375
0 0.71484375 0.3515625 0.0515625 0.040625
0 0.7765625 0.36171875 0.059375 0.0421875
0 0.5859375 0.37265625 0.053125 0.0390625
0 0.6421875 0.38515625 0.05625 0.0390625
0 0.7 0.396875 0.053125 0.040625
0 0.75859375 0.40546875 0.0546875 0.0453125
0 0.56796875 0.41640625 0.0546875 0.0390625
0 0.625 0.428125 0.05625 0.040625
0 0.68515625 0.4390625 0.0578125 0.040625
0 0.74453125 0.4515625 0.0546875 0.040625
0 0.55234375 0.45859375 0.0546875 0.0390625
0 0.61015625 0.471875 0.0515625 0.0375
0 0.66875 0.48359375 0.05625 0.0390625
0 0.7265625 0.49453125 0.053125 0.0421875
0 0.53828125 0.50234375 0.0546875 0.0421875
0 0.5953125 0.5140625 0.053125 0.04375
0 0.65390625 0.52734375 0.0546875 0.0421875
0 0.7125 0.53828125 0.05625 0.0453125
0 0.43828125 0.5671875 0.0609375 0.04375
0 0.484375 0.59375 0.053125 0.040625
0 0.52890625 0.62265625 0.0546875 0.0421875
0 0.5734375 0.6515625 0.053125 0.040625
0 0.6234375 0.68046875 0.059375 0.0453125
0 0.40078125 0.6 0.0546875 0.040625
0 0.44609375 0.6296875 0.0515625 0.040625
0 0.49296875 0.65546875 0.0515625 0.0421875
0 0.53828125 0.68515625 0.0546875 0.0421875
0 0.5890625 0.7140625 0.0625 0.04375
0 0.365625 0.63359375 0.053125 0.0421875
0 0.4109375 0.6640625 0.05625 0.040625
0 0.45625 0.68984375 0.05625 0.0421875
0 0.50078125 0.71796875 0.0546875 0.0390625
0 0.54765625 0.746875 0.0609375 0.040625
0 0.32578125 0.66640625 0.0609375 0.0390625
0 0.375 0.6953125 0.053125 0.040625
0 0.41796875 0.72421875 0.0515625 0.0390625
0 0.46796875 0.75390625 0.0578125 0.0390625
0 0.5125 0.7796875 0.05625 0.040625