1 0.5614457831325301 0.48677884615384615 0.043373493975903614 0.036057692307692304
1 0.1963855421686747 0.48677884615384615 0.04578313253012048 0.06490384615384616
1 0.7373493975903614 0.41225961538461536 0.04819277108433735 0.04567307692307692
1 0.2891566265060241 0.4579326923076923 0.03855421686746988 0.05048076923076923
1 0.6686746987951807 0.5132211538461539 0.05060240963855422 0.040865384615384616
1 0.636144578313253 0.5120192307692307 0.043373493975903614 0.038461538461538464
1 0.42168674698795183 0.47836538461538464 0.02891566265060241 0.028846153846153848
1 0.3855421686746988 0.4519230769230769 0.02891566265060241 0.028846153846153848
1 0.363855421686747 0.44471153846153844 0.024096385542168676 0.03365384615384615
1 0.1 0.48677884615384615 0.04578313253012048 0.06490384615384616
1 0.9614457831325302 0.41225961538461536 0.04819277108433735 0.04567307692307692
1 0.01325301204819277 0.4567307692307692 0.02650602409638554 0.052884615384615384