1 0.11538461538461539 0.3614457831325301 0.07211538461538461 0.09156626506024096
1 0.6045673076923077 0.22771084337349398 0.13701923076923078 0.12771084337349398
1 0.34615384615384615 0.2963855421686747 0.10576923076923077 0.14457831325301204
1 0.9098557692307693 0.3373493975903614 0.11778846153846154 0.11566265060240964
1 0.23076923076923078 0.3349397590361446 0.09134615384615384 0.11566265060240964
1 0.051682692307692304 0.42048192771084336 0.06009615384615385 0.06987951807228916
1 0.6598557692307693 0.3216867469879518 0.06490384615384616 0.10361445783132531
1 0.6045673076923077 0.09759036144578313 0.13701923076923078 0.12771084337349398
1 0.3449519230769231 0.05060240963855422 0.10817307692307693 0.10120481927710843
1 0.9110576923076923 0.02289156626506024 0.1201923076923077 0.04578313253012048
1 0.22956730769230768 0.024096385542168676 0.09375 0.04819277108433735
1 0.6610576923076923 0.027710843373493974 0.0673076923076923 0.05542168674698795