0 0.5336538461538461 0.3289156626506024 0.0625 0.0746987951807229
0 0.3137019230769231 0.2987951807228916 0.06971153846153846 0.0819277108433735
0 0.14182692307692307 0.24819277108433735 0.10576923076923077 0.10602409638554217
0 0.36899038461538464 0.3204819277108434 0.055288461538461536 0.06746987951807229
0 0.20072115384615385 0.3108433734939759 0.06490384615384616 0.07228915662650602
0 0.6862980769230769 0.336144578313253 0.05048076923076923 0.06506024096385542
0 0.6189903846153846 0.39759036144578314 0.036057692307692304 0.033734939759036145
0 0.5324519230769231 0.01927710843373494 0.06490384615384616 0.03855421686746988
0 0.31490384615384615 0.03614457831325301 0.07211538461538461 0.07228915662650602
0 0.14182692307692307 0.07951807228915662 0.10576923076923077 0.10602409638554217
0 0.3701923076923077 0.021686746987951807 0.057692307692307696 0.043373493975903614
0 0.20192307692307693 0.027710843373493974 0.0673076923076923 0.05542168674698795
0 0.6875 0.01325301204819277 0.052884615384615384 0.02650602409638554