1 0.578125 0.2819277108433735 0.11298076923076923 0.11566265060240964
1 0.5 0.3132530120481928 0.15384615384615385 0.14457831325301204
1 0.04447115384615385 0.3132530120481928 0.06009615384615385 0.06746987951807229
1 0.2536057692307692 0.3060240963855422 0.06490384615384616 0.06746987951807229
1 0.14903846153846154 0.39759036144578314 0.057692307692307696 0.06265060240963856
1 0.29927884615384615 0.3481927710843373 0.07451923076923077 0.07951807228915662
0 0.25240384615384615 0.2 0.04807692307692308 0.06265060240963856
0 0.3629807692307692 0.21566265060240963 0.04326923076923077 0.05542168674698795
0 0.43149038461538464 0.21325301204819277 0.06009615384615385 0.060240963855421686
0 0.7055288461538461 0.2855421686746988 0.05048076923076923 0.060240963855421686
0 0.6694711538461539 0.21204819277108433 0.055288461538461536 0.06265060240963856
0 0.5120192307692307 0.21325301204819277 0.052884615384615384 0.060240963855421686
0 0.8137019230769231 0.19879518072289157 0.040865384615384616 0.05542168674698795