0 0.96875 0.5084337349397591 0.03365384615384615 0.043373493975903614
0 0.8882211538461539 0.5216867469879518 0.021634615384615384 0.02650602409638554
0 0.8100961538461539 0.519277108433735 0.014423076923076924 0.02650602409638554
0 0.8497596153846154 0.5120481927710844 0.040865384615384616 0.05542168674698795
0 0.7019230769230769 0.4867469879518072 0.038461538461538464 0.05301204819277108
0 0.6550480769230769 0.4771084337349398 0.03125 0.03855421686746988
0 0.671875 0.491566265060241 0.021634615384615384 0.033734939759036145
0 0.6153846153846154 0.4819277108433735 0.03365384615384615 0.033734939759036145
0 0.5528846153846154 0.4879518072289157 0.03365384615384615 0.04578313253012048
0 0.5072115384615384 0.4759036144578313 0.052884615384615384 0.06506024096385542
0 0.14302884615384615 0.4433734939759036 0.036057692307692304 0.043373493975903614
0 0.34975961538461536 0.4566265060240964 0.04567307692307692 0.05542168674698795