1 0.078125 0.6506024096385542 0.12259615384615384 0.12530120481927712
1 0.42788461538461536 0.6144578313253012 0.09615384615384616 0.10602409638554217
1 0.19831730769230768 0.35903614457831323 0.040865384615384616 0.03855421686746988
1 0.4182692307692308 0.5012048192771085 0.04807692307692308 0.043373493975903614
1 0.5276442307692307 0.3963855421686747 0.04567307692307692 0.04578313253012048
1 0.4495192307692308 0.38795180722891565 0.038461538461538464 0.033734939759036145
1 0.15144230769230768 0.3313253012048193 0.038461538461538464 0.03132530120481928
1 0.18389423076923078 0.30843373493975906 0.026442307692307692 0.033734939759036145
1 0.5637019230769231 0.38795180722891565 0.03125 0.033734939759036145
1 0.013221153846153846 0.24457831325301205 0.026442307692307692 0.05542168674698795
1 0.16826923076923078 0.2216867469879518 0.028846153846153848 0.024096385542168676
1 0.5252403846153846 0.327710843373494 0.026442307692307692 0.024096385542168676
1 0.6153846153846154 0.4036144578313253 0.038461538461538464 0.04096385542168675
1 0.7692307692307693 0.40602409638554215 0.057692307692307696 0.05542168674698795
1 0.004807692307692308 0.3614457831325301 0.009615384615384616 0.05783132530120482
1 0.07692307692307693 0.9686746987951808 0.125 0.05301204819277108
1 0.15264423076923078 0.012048192771084338 0.040865384615384616 0.024096385542168676
1 0.18389423076923078 0.02891566265060241 0.026442307692307692 0.033734939759036145
1 0.013221153846153846 0.09518072289156626 0.026442307692307692 0.05542168674698795
1 0.16826923076923078 0.11566265060240964 0.028846153846153848 0.024096385542168676
1 0.5252403846153846 0.010843373493975903 0.026442307692307692 0.021686746987951807
1 0.006009615384615385 0.0036144578313253013 0.01201923076923077 0.007228915662650603