1 0.8076923076923077 0.43132530120481927 0.04807692307692308 0.05783132530120482
1 0.23798076923076922 0.43253012048192774 0.04326923076923077 0.05060240963855422
1 0.8713942307692307 0.41325301204819276 0.05048076923076923 0.060240963855421686
1 0.7067307692307693 0.42289156626506025 0.038461538461538464 0.05542168674698795
1 0.6237980769230769 0.43012048192771085 0.040865384615384616 0.05542168674698795
1 0.5853365384615384 0.43855421686746987 0.03125 0.043373493975903614
1 0.5228365384615384 0.4397590361445783 0.026442307692307692 0.03614457831325301
1 0.49278846153846156 0.42650602409638555 0.03365384615384615 0.04819277108433735
1 0.4567307692307692 0.43493975903614457 0.02403846153846154 0.05060240963855422
1 0.42788461538461536 0.42530120481927713 0.038461538461538464 0.05542168674698795
1 0.3942307692307692 0.43855421686746987 0.03365384615384615 0.04819277108433735
1 0.33052884615384615 0.43373493975903615 0.040865384615384616 0.05301204819277108
1 0.2824519230769231 0.43253012048192774 0.040865384615384616 0.05060240963855422