0 0.12139423076923077 0.41445783132530123 0.08413461538461539 0.08674698795180723
0 0.35216346153846156 0.41204819277108434 0.055288461538461536 0.07228915662650602
0 0.46634615384615385 0.42650602409638555 0.0625 0.07228915662650602
0 0.23197115384615385 0.4108433734939759 0.06009615384615385 0.06506024096385542
0 0.40865384615384615 0.42650602409638555 0.04807692307692308 0.06265060240963856
0 0.6899038461538461 0.42048192771084336 0.04807692307692308 0.06506024096385542
0 0.8125 0.43855421686746987 0.052884615384615384 0.06746987951807229
0 0.9759615384615384 0.4602409638554217 0.04807692307692308 0.07228915662650602
0 0.7379807692307693 0.4433734939759036 0.04807692307692308 0.05783132530120482
0 0.6538461538461539 0.43253012048192774 0.04326923076923077 0.05542168674698795
0 0.5973557692307693 0.42530120481927713 0.040865384615384616 0.04578313253012048
0 0.03485576923076923 0.41325301204819276 0.03125 0.04578313253012048
0 0.3173076923076923 0.41686746987951806 0.03365384615384615 0.04819277108433735
0 0.2800480769230769 0.42168674698795183 0.03125 0.04819277108433735
0 0.12259615384615384 0.03493975903614458 0.08653846153846154 0.06987951807228916
0 0.35336538461538464 0.03253012048192771 0.057692307692307696 0.06506024096385542
0 0.4651442307692308 0.02530120481927711 0.06490384615384616 0.05060240963855422
0 0.23317307692307693 0.03132530120481928 0.0625 0.06265060240963856
0 0.4074519230769231 0.02289156626506024 0.05048076923076923 0.04578313253012048
0 0.6887019230769231 0.02650602409638554 0.05048076923076923 0.05301204819277108
0 0.8112980769230769 0.018072289156626505 0.055288461538461536 0.03614457831325301
0 0.9747596153846154 0.008433734939759036 0.05048076923076923 0.016867469879518072
0 0.7367788461538461 0.01325301204819277 0.05048076923076923 0.02650602409638554
0 0.6526442307692307 0.018072289156626505 0.04567307692307692 0.03614457831325301
0 0.5985576923076923 0.01927710843373494 0.04326923076923077 0.03855421686746988
0 0.03485576923076923 0.027710843373493974 0.03125 0.04578313253012048
0 0.3173076923076923 0.02289156626506024 0.03365384615384615 0.04578313253012048
0 0.28125 0.021686746987951807 0.03365384615384615 0.043373493975903614