1 0.5324519230769231 0.38221153846153844 0.11298076923076923 0.1201923076923077
1 0.7848557692307693 0.45913461538461536 0.1466346153846154 0.1346153846153846
1 0.7019230769230769 0.20072115384615385 0.04807692307692308 0.06971153846153846
0 0.12259615384615384 0.2403846153846154 0.10576923076923077 0.12980769230769232
0 0.23798076923076922 0.4182692307692308 0.09615384615384616 0.11057692307692307
0 0.16826923076923078 0.5504807692307693 0.11057692307692307 0.10576923076923077
0 0.02283653846153846 0.45913461538461536 0.036057692307692304 0.11538461538461539
0 0.30528846153846156 0.19230769230769232 0.07211538461538461 0.057692307692307696
1 0.7019230769230769 0.12860576923076922 0.04807692307692308 0.06971153846153846
0 0.12259615384615384 0.08653846153846154 0.10576923076923077 0.12980769230769232
0 0.30528846153846156 0.1346153846153846 0.07211538461538461 0.057692307692307696