0 0.025240384615384616 0.3385542168674699 0.05048076923076923 0.11325301204819277
0 0.16947115384615385 0.39036144578313253 0.06490384615384616 0.0819277108433735
0 0.24158653846153846 0.372289156626506 0.06009615384615385 0.06506024096385542
0 0.3918269230769231 0.3397590361445783 0.0625 0.0819277108433735
0 0.4326923076923077 0.36626506024096384 0.04326923076923077 0.06746987951807229
0 0.49759615384615385 0.36626506024096384 0.057692307692307696 0.06746987951807229
0 0.5829326923076923 0.3819277108433735 0.04567307692307692 0.05542168674698795
0 0.6838942307692307 0.3710843373493976 0.040865384615384616 0.05301204819277108
0 0.7487980769230769 0.3349397590361446 0.06971153846153846 0.0819277108433735
0 0.9050480769230769 0.39518072289156625 0.04567307692307692 0.05783132530120482
0 0.025240384615384616 0.024096385542168676 0.05048076923076923 0.04819277108433735
0 0.39302884615384615 0.01566265060240964 0.06490384615384616 0.03132530120481928
0 0.7475961538461539 0.018072289156626505 0.07211538461538461 0.03614457831325301