1 0.6466346153846154 0.4326923076923077 0.0673076923076923 0.08173076923076923
1 0.15625 0.44711538461538464 0.11538461538461539 0.1201923076923077
1 0.7367788461538461 0.4411057692307692 0.08413461538461539 0.10817307692307693
1 0.9302884615384616 0.41225961538461536 0.10096153846153846 0.10817307692307693
1 0.06370192307692307 0.421875 0.07932692307692307 0.12259615384615384
1 0.27283653846153844 0.453125 0.06490384615384616 0.06971153846153846
1 0.390625 0.47716346153846156 0.055288461538461536 0.055288461538461536
1 0.5769230769230769 0.4254807692307692 0.057692307692307696 0.09134615384615384
1 0.46274038461538464 0.5108173076923077 0.06490384615384616 0.07932692307692307
1 0.5348557692307693 0.4651442307692308 0.040865384615384616 0.06490384615384616
1 0.44711538461538464 0.41586538461538464 0.04326923076923077 0.0625