1 0.9579326923076923 0.40481927710843374 0.06971153846153846 0.0819277108433735
1 0.4014423076923077 0.40240963855421685 0.057692307692307696 0.0819277108433735
1 0.15384615384615385 0.3108433734939759 0.14423076923076922 0.1783132530120482
1 0.7211538461538461 0.40963855421686746 0.057692307692307696 0.07228915662650602
1 0.9050480769230769 0.42168674698795183 0.05048076923076923 0.06265060240963856
1 0.859375 0.41686746987951806 0.04567307692307692 0.06265060240963856
1 0.5216346153846154 0.42771084337349397 0.052884615384615384 0.06506024096385542
1 0.6262019230769231 0.42650602409638555 0.04567307692307692 0.06265060240963856
1 0.7704326923076923 0.43132530120481927 0.040865384615384616 0.05301204819277108
1 0.45552884615384615 0.44096385542168676 0.036057692307692304 0.043373493975903614
1 0.33533653846153844 0.43373493975903615 0.040865384615384616 0.05783132530120482
1 0.15264423076923078 0.05421686746987952 0.1466346153846154 0.10843373493975904