1 0.875 0.26265060240963856 0.10096153846153846 0.13012048192771083
1 0.25240384615384615 0.28674698795180725 0.08173076923076923 0.10120481927710843
1 0.3737980769230769 0.35542168674698793 0.055288461538461536 0.0746987951807229
1 0.17548076923076922 0.36265060240963853 0.052884615384615384 0.0746987951807229
1 0.6550480769230769 0.3144578313253012 0.06971153846153846 0.0746987951807229
1 0.4567307692307692 0.3469879518072289 0.0625 0.07228915662650602
1 0.7067307692307693 0.3457831325301205 0.057692307692307696 0.07951807228915662
1 0.5637019230769231 0.3674698795180723 0.055288461538461536 0.0746987951807229
1 0.5036057692307693 0.38674698795180723 0.05048076923076923 0.060240963855421686
1 0.875 0.06506024096385542 0.10096153846153846 0.13012048192771083
1 0.2512019230769231 0.046987951807228916 0.08413461538461539 0.09397590361445783
1 0.375 0.006024096385542169 0.057692307692307696 0.012048192771084338
1 0.65625 0.02650602409638554 0.07211538461538461 0.05301204819277108
1 0.45552884615384615 0.00963855421686747 0.06490384615384616 0.01927710843373494
1 0.7055288461538461 0.012048192771084338 0.06009615384615385 0.024096385542168676