0 0.21995192307692307 0.4423076923076923 0.06009615384615385 0.08653846153846154
0 0.33052884615384615 0.4519230769230769 0.07451923076923077 0.09134615384615384
0 0.05048076923076923 0.47475961538461536 0.08173076923076923 0.15625
0 0.4254807692307692 0.43028846153846156 0.04326923076923077 0.057692307692307696
0 0.12860576923076922 0.45072115384615385 0.055288461538461536 0.06009615384615385
0 0.4831730769230769 0.4519230769230769 0.03365384615384615 0.04326923076923077
1 0.7067307692307693 0.4483173076923077 0.04326923076923077 0.04567307692307692
1 0.6418269230769231 0.4411057692307692 0.028846153846153848 0.036057692307692304
1 0.6177884615384616 0.42908653846153844 0.03365384615384615 0.036057692307692304
0 0.5769230769230769 0.44711538461538464 0.038461538461538464 0.052884615384615384
0 0.5072115384615384 0.44471153846153844 0.028846153846153848 0.04807692307692308
0 0.8040865384615384 0.4362980769230769 0.036057692307692304 0.055288461538461536
0 0.8305288461538461 0.4423076923076923 0.026442307692307692 0.03365384615384615