0 0.8401442307692307 0.4855421686746988 0.06009615384615385 0.06987951807228916
0 0.578125 0.4433734939759036 0.05048076923076923 0.07710843373493977
0 0.5144230769230769 0.44819277108433736 0.04807692307692308 0.06265060240963856
0 0.13822115384615385 0.4819277108433735 0.05048076923076923 0.06265060240963856
0 0.6862980769230769 0.4433734939759036 0.05048076923076923 0.06746987951807229
0 0.7872596153846154 0.44819277108433736 0.05048076923076923 0.06746987951807229
0 0.71875 0.5180722891566265 0.052884615384615384 0.07710843373493977
0 0.38341346153846156 0.5144578313253012 0.05048076923076923 0.06987951807228916
0 0.23317307692307693 0.4843373493975904 0.04807692307692308 0.06265060240963856
0 0.7379807692307693 0.4493975903614458 0.04326923076923077 0.060240963855421686
0 0.2824519230769231 0.5072289156626506 0.05048076923076923 0.05542168674698795
0 0.8377403846153846 0.43614457831325304 0.05048076923076923 0.06265060240963856
0 0.17548076923076922 0.4975903614457831 0.04807692307692308 0.06506024096385542
0 0.30649038461538464 0.4783132530120482 0.036057692307692304 0.05060240963855422
0 0.35216346153846156 0.4795180722891566 0.036057692307692304 0.05301204819277108
0 0.33653846153846156 0.43855421686746987 0.038461538461538464 0.05301204819277108
0 0.4266826923076923 0.45180722891566266 0.04567307692307692 0.06506024096385542
0 0.4675480769230769 0.45903614457831327 0.036057692307692304 0.05060240963855422
0 0.44711538461538464 0.5120481927710844 0.04807692307692308 0.06506024096385542
0 0.5216346153846154 0.5216867469879518 0.052884615384615384 0.06987951807228916
0 0.6310096153846154 0.4433734939759036 0.04567307692307692 0.05301204819277108
0 0.6274038461538461 0.4987951807228916 0.04807692307692308 0.07228915662650602