1 0.21754807692307693 0.38822115384615385 0.07451923076923077 0.08413461538461539
1 0.8112980769230769 0.4098557692307692 0.14182692307692307 0.16105769230769232
1 0.2980769230769231 0.44711538461538464 0.07692307692307693 0.09134615384615384
1 0.5348557692307693 0.4326923076923077 0.06009615384615385 0.07692307692307693
1 0.6057692307692307 0.4362980769230769 0.057692307692307696 0.0889423076923077
1 0.45913461538461536 0.4074519230769231 0.0625 0.0889423076923077
1 0.7091346153846154 0.42788461538461536 0.07692307692307693 0.10096153846153846
1 0.9627403846153846 0.38341346153846156 0.055288461538461536 0.06490384615384616
1 0.43149038461538464 0.4266826923076923 0.06490384615384616 0.09375
1 0.6754807692307693 0.40625 0.04326923076923077 0.07692307692307693
1 0.4375 0.4230769230769231 0.08173076923076923 0.10576923076923077
1 0.6466346153846154 0.41947115384615385 0.03365384615384615 0.07451923076923077