1 0.8677884615384616 0.336144578313253 0.08173076923076923 0.09397590361445783
1 0.9651442307692307 0.3180722891566265 0.055288461538461536 0.11566265060240964
0 0.6418269230769231 0.3493975903614458 0.07211538461538461 0.0819277108433735
0 0.20072115384615385 0.2987951807228916 0.10336538461538461 0.12048192771084337
0 0.3173076923076923 0.3542168674698795 0.0625 0.0819277108433735
0 0.4423076923076923 0.336144578313253 0.052884615384615384 0.06987951807228916
1 0.7199519230769231 0.3433734939759036 0.05048076923076923 0.07951807228915662
1 0.8689903846153846 0.020481927710843374 0.08413461538461539 0.04096385542168675
1 0.9639423076923077 0.03493975903614458 0.057692307692307696 0.06987951807228916
0 0.6430288461538461 0.010843373493975903 0.07451923076923077 0.021686746987951807
0 0.19951923076923078 0.04578313253012048 0.10576923076923077 0.09156626506024096
0 0.31850961538461536 0.008433734939759036 0.06490384615384616 0.016867469879518072
0 0.44350961538461536 0.014457831325301205 0.055288461538461536 0.02891566265060241
1 0.71875 0.01325301204819277 0.052884615384615384 0.02650602409638554