1 0.7524038461538461 0.3 0.08173076923076923 0.11325301204819277
1 0.16826923076923078 0.29759036144578316 0.08173076923076923 0.10361445783132531
1 0.4411057692307692 0.3265060240963855 0.06490384615384616 0.09397590361445783
1 0.5168269230769231 0.3240963855421687 0.08173076923076923 0.11325301204819277
1 0.25 0.3156626506024096 0.057692307692307696 0.0819277108433735
1 0.6069711538461539 0.31204819277108437 0.06490384615384616 0.09879518072289156
1 0.3389423076923077 0.30843373493975906 0.057692307692307696 0.09156626506024096
1 0.8293269230769231 0.3204819277108434 0.11057692307692307 0.13012048192771083
1 0.027644230769230768 0.3385542168674699 0.055288461538461536 0.08433734939759036
1 0.9723557692307693 0.38313253012048193 0.04567307692307692 0.05783132530120482
1 0.11177884615384616 0.3385542168674699 0.06009615384615385 0.060240963855421686
1 0.7536057692307693 0.043373493975903614 0.08413461538461539 0.08674698795180723
1 0.16947115384615385 0.04216867469879518 0.08413461538461539 0.08433734939759036
1 0.43990384615384615 0.02530120481927711 0.0673076923076923 0.05060240963855422
1 0.5180288461538461 0.03132530120481928 0.08413461538461539 0.06265060240963856
1 0.2512019230769231 0.027710843373493974 0.06009615384615385 0.05542168674698795
1 0.6057692307692307 0.033734939759036145 0.0673076923076923 0.06746987951807229
1 0.3401442307692308 0.033734939759036145 0.06009615384615385 0.06746987951807229
1 0.8305288461538461 0.03734939759036145 0.11298076923076923 0.0746987951807229
1 0.027644230769230768 0.016867469879518072 0.055288461538461536 0.033734939759036145
1 0.11057692307692307 0.010843373493975903 0.0625 0.021686746987951807