1 0.2692307692307692 0.3269230769230769 0.08653846153846154 0.09615384615384616
1 0.18389423076923078 0.3762019230769231 0.09375 0.10817307692307693
1 0.6081730769230769 0.38341346153846156 0.0673076923076923 0.07932692307692307
1 0.8076923076923077 0.43149038461538464 0.07211538461538461 0.06971153846153846
1 0.9699519230769231 0.29927884615384615 0.055288461538461536 0.06971153846153846
1 0.7836538461538461 0.3233173076923077 0.052884615384615384 0.09375
1 0.5985576923076923 0.24519230769230768 0.04807692307692308 0.0625
1 0.8125 0.19591346153846154 0.04807692307692308 0.05048076923076923
1 0.6634615384615384 0.20793269230769232 0.04807692307692308 0.055288461538461536
1 0.35216346153846156 0.49399038461538464 0.08413461538461539 0.07451923076923077
1 0.26802884615384615 0.025240384615384616 0.0889423076923077 0.05048076923076923
1 0.9711538461538461 0.03245192307692308 0.057692307692307696 0.06490384615384616
1 0.7824519230769231 0.026442307692307692 0.055288461538461536 0.052884615384615384
1 0.5985576923076923 0.08173076923076923 0.04807692307692308 0.0625
1 0.8125 0.13341346153846154 0.04807692307692308 0.05048076923076923
1 0.6634615384615384 0.12139423076923077 0.04807692307692308 0.055288461538461536