1 0.9603365384615384 0.40602409638554215 0.04567307692307692 0.0746987951807229
1 0.8209134615384616 0.46626506024096387 0.06009615384615385 0.0746987951807229
1 0.14302884615384615 0.4578313253012048 0.06009615384615385 0.05301204819277108
1 0.8233173076923077 0.20722891566265061 0.040865384615384616 0.05301204819277108
1 0.7872596153846154 0.36265060240963853 0.04567307692307692 0.060240963855421686
1 0.16947115384615385 0.3156626506024096 0.04567307692307692 0.05301204819277108
1 0.038461538461538464 0.3 0.0625 0.05542168674698795
1 0.7740384615384616 0.20240963855421687 0.038461538461538464 0.04819277108433735
1 0.6105769230769231 0.2433734939759036 0.04807692307692308 0.05301204819277108
0 0.3545673076923077 0.3783132530120482 0.04567307692307692 0.05301204819277108
0 0.16466346153846154 0.608433734939759 0.06009615384615385 0.04578313253012048
0 0.2956730769230769 0.2457831325301205 0.04807692307692308 0.04819277108433735
1 0.8233173076923077 0.12048192771084337 0.040865384615384616 0.05301204819277108
1 0.17067307692307693 0.020481927710843374 0.04807692307692308 0.04096385542168675
1 0.038461538461538464 0.030120481927710843 0.0625 0.05542168674698795
1 0.7740384615384616 0.12530120481927712 0.038461538461538464 0.04819277108433735
1 0.6105769230769231 0.08433734939759036 0.04807692307692308 0.05301204819277108
0 0.2956730769230769 0.0819277108433735 0.04807692307692308 0.04819277108433735