1 0.6454326923076923 0.30649038461538464 0.08413461538461539 0.11298076923076923
1 0.38341346153846156 0.2800480769230769 0.07451923076923077 0.10817307692307693
1 0.4567307692307692 0.3269230769230769 0.11057692307692307 0.14423076923076922
0 0.15745192307692307 0.3269230769230769 0.20432692307692307 0.22115384615384615
0 0.5637019230769231 0.3473557692307692 0.07451923076923077 0.0985576923076923
0 0.953125 0.33413461538461536 0.07451923076923077 0.10096153846153846
0 0.8834134615384616 0.3125 0.06490384615384616 0.08173076923076923
2 0.9050480769230769 0.5733173076923077 0.18990384615384615 0.59375
2 0.6887019230769231 0.5552884615384616 0.19471153846153846 0.6057692307692307
2 0.5853365384615384 0.546875 0.14182692307692307 0.49278846153846156
2 0.4639423076923077 0.5612980769230769 0.1778846153846154 0.6177884615384616
2 0.3701923076923077 0.5192307692307693 0.125 0.6057692307692307
2 0.1310096153846154 0.5444711538461539 0.25240384615384615 0.65625
2 0.2776442307692308 0.5 0.3004807692307692 0.7307692307692307
0 0.23918269230769232 0.20072115384615385 0.09375 0.11778846153846154
1 0.38461538461538464 0.010817307692307692 0.07692307692307693 0.021634615384615384
2 0.9050480769230769 0.9350961538461539 0.18990384615384615 0.1201923076923077
0 0.2403846153846154 0.052884615384615384 0.09615384615384616 0.10576923076923077