1 0.13341346153846154 0.3783132530120482 0.04567307692307692 0.06746987951807229
1 0.6947115384615384 0.3710843373493976 0.057692307692307696 0.0819277108433735
1 0.4026442307692308 0.3927710843373494 0.06009615384615385 0.07710843373493977
1 0.23798076923076922 0.3795180722891566 0.0625 0.0891566265060241
1 0.19591346153846154 0.4072289156626506 0.055288461538461536 0.07228915662650602
1 0.27884615384615385 0.3963855421686747 0.03365384615384615 0.060240963855421686
1 0.4362980769230769 0.3746987951807229 0.021634615384615384 0.04096385542168675
1 0.4735576923076923 0.3614457831325301 0.0673076923076923 0.0819277108433735
0 0.5228365384615384 0.3710843373493976 0.04567307692307692 0.07710843373493977
1 0.5612980769230769 0.38072289156626504 0.03125 0.03855421686746988
1 0.796875 0.3710843373493976 0.040865384615384616 0.05301204819277108
1 0.8677884615384616 0.38072289156626504 0.038461538461538464 0.05783132530120482
1 0.9170673076923077 0.3650602409638554 0.06490384615384616 0.10361445783132531
1 0.9675480769230769 0.3686746987951807 0.05048076923076923 0.06746987951807229