1 0.3870192307692308 0.3385542168674699 0.15865384615384615 0.22409638554216868
1 0.7680288461538461 0.2819277108433735 0.0985576923076923 0.10602409638554217
1 0.59375 0.3313253012048193 0.15865384615384615 0.2
1 0.1502403846153846 0.38313253012048193 0.25721153846153844 0.29397590361445786
1 0.29447115384615385 0.2987951807228916 0.09375 0.17349397590361446
1 0.9002403846153846 0.27951807228915665 0.19951923076923078 0.22650602409638554
1 0.3858173076923077 0.051807228915662654 0.16105769230769232 0.10361445783132531
1 0.7692307692307693 0.05060240963855422 0.10096153846153846 0.10120481927710843
1 0.5925480769230769 0.04939759036144578 0.16105769230769232 0.09879518072289156
1 0.15144230769230768 0.046987951807228916 0.25961538461538464 0.09397590361445783
1 0.2956730769230769 0.05903614457831325 0.09615384615384616 0.1180722891566265
1 0.8990384615384616 0.0819277108433735 0.20192307692307693 0.163855421686747