1 0.2548076923076923 0.3112980769230769 0.0673076923076923 0.09375
1 0.6899038461538461 0.2932692307692308 0.125 0.10096153846153846
1 0.44350961538461536 0.27884615384615385 0.0889423076923077 0.1201923076923077
1 0.1141826923076923 0.30649038461538464 0.10817307692307693 0.0889423076923077
1 0.6574519230769231 0.28125 0.08413461538461539 0.08173076923076923
1 0.9903846153846154 0.2920673076923077 0.019230769230769232 0.07451923076923077
1 0.2536057692307692 0.03245192307692308 0.06971153846153846 0.06490384615384616
1 0.6887019230769231 0.04326923076923077 0.12740384615384615 0.08653846153846154
1 0.44471153846153844 0.055288461538461536 0.09134615384615384 0.11057692307692307
1 0.11538461538461539 0.03365384615384615 0.11057692307692307 0.0673076923076923
1 0.6574519230769231 0.04567307692307692 0.08413461538461539 0.08173076923076923
1 0.9903846153846154 0.037259615384615384 0.019230769230769232 0.07451923076923077