1 0.17548076923076922 0.3060240963855422 0.15865384615384615 0.19759036144578312
1 0.41466346153846156 0.3614457831325301 0.12740384615384615 0.18795180722891566
1 0.7271634615384616 0.3385542168674699 0.14182692307692307 0.2
1 0.5733173076923077 0.3891566265060241 0.10336538461538461 0.13734939759036144
1 0.35096153846153844 0.40240963855421685 0.057692307692307696 0.1108433734939759
1 0.8725961538461539 0.36626506024096384 0.08173076923076923 0.14457831325301204
0 0.49399038461538464 0.3963855421686747 0.055288461538461536 0.09397590361445783
1 0.8028846153846154 0.344578313253012 0.052884615384615384 0.163855421686747
1 0.17427884615384615 0.06144578313253012 0.16105769230769232 0.12289156626506025
1 0.41586538461538464 0.03132530120481928 0.12980769230769232 0.06265060240963856
1 0.7283653846153846 0.04578313253012048 0.14423076923076922 0.09156626506024096
1 0.8713942307692307 0.018072289156626505 0.08413461538461539 0.03614457831325301
1 0.8016826923076923 0.033734939759036145 0.055288461538461536 0.06746987951807229