0 0.15985576923076922 0.4855421686746988 0.06009615384615385 0.06987951807228916
0 0.421875 0.4433734939759036 0.05048076923076923 0.07710843373493977
0 0.4855769230769231 0.44819277108433736 0.04807692307692308 0.06265060240963856
0 0.8617788461538461 0.4819277108433735 0.05048076923076923 0.06265060240963856
0 0.3137019230769231 0.4433734939759036 0.05048076923076923 0.06746987951807229
0 0.2127403846153846 0.44819277108433736 0.05048076923076923 0.06746987951807229
0 0.28125 0.5180722891566265 0.052884615384615384 0.07710843373493977
0 0.6165865384615384 0.5144578313253012 0.05048076923076923 0.06987951807228916
0 0.7668269230769231 0.4843373493975904 0.04807692307692308 0.06265060240963856
0 0.2620192307692308 0.4493975903614458 0.04326923076923077 0.060240963855421686
0 0.7175480769230769 0.5072289156626506 0.05048076923076923 0.05542168674698795
0 0.1622596153846154 0.43614457831325304 0.05048076923076923 0.06265060240963856
0 0.8245192307692307 0.4975903614457831 0.04807692307692308 0.06506024096385542
0 0.6935096153846154 0.4783132530120482 0.036057692307692304 0.05060240963855422
0 0.6478365384615384 0.4795180722891566 0.036057692307692304 0.05301204819277108
0 0.6634615384615384 0.43855421686746987 0.038461538461538464 0.05301204819277108
0 0.5733173076923077 0.45180722891566266 0.04567307692307692 0.06506024096385542
0 0.5324519230769231 0.45903614457831327 0.036057692307692304 0.05060240963855422
0 0.5528846153846154 0.5120481927710844 0.04807692307692308 0.06506024096385542
0 0.47836538461538464 0.5216867469879518 0.052884615384615384 0.06987951807228916
0 0.36899038461538464 0.4433734939759036 0.04567307692307692 0.05301204819277108
0 0.37259615384615385 0.4987951807228916 0.04807692307692308 0.07228915662650602