1 0.5324519230769231 0.28846153846153844 0.07451923076923077 0.09134615384615384
1 0.43028846153846156 0.27524038461538464 0.0673076923076923 0.08413461538461539
1 0.38461538461538464 0.34375 0.08173076923076923 0.09615384615384616
1 0.6971153846153846 0.24639423076923078 0.11057692307692307 0.11298076923076923
1 0.4855769230769231 0.23317307692307693 0.052884615384615384 0.07692307692307693
1 0.8088942307692307 0.25841346153846156 0.08413461538461539 0.11778846153846154
1 0.5913461538461539 0.24879807692307693 0.052884615384615384 0.07451923076923077
1 0.9627403846153846 0.20673076923076922 0.05048076923076923 0.0673076923076923
1 0.8689903846153846 0.25841346153846156 0.05048076923076923 0.08413461538461539
0 0.055288461538461536 0.29927884615384615 0.09615384615384616 0.11778846153846154
0 0.11658653846153846 0.3737980769230769 0.13221153846153846 0.13701923076923078
1 0.5336538461538461 0.04326923076923077 0.07692307692307693 0.08653846153846154
1 0.43028846153846156 0.054086538461538464 0.0673076923076923 0.08413461538461539
1 0.38341346153846156 0.016826923076923076 0.08413461538461539 0.03365384615384615
1 0.6971153846153846 0.0829326923076923 0.11057692307692307 0.11298076923076923
1 0.4855769230769231 0.09375 0.052884615384615384 0.07692307692307693
1 0.8088942307692307 0.07091346153846154 0.08413461538461539 0.11778846153846154
1 0.5913461538461539 0.08052884615384616 0.052884615384615384 0.07451923076923077
1 0.9627403846153846 0.1201923076923077 0.05048076923076923 0.0673076923076923
1 0.8689903846153846 0.07091346153846154 0.05048076923076923 0.08413461538461539
0 0.054086538461538464 0.04447115384615385 0.0985576923076923 0.0889423076923077