0 0.0733173076923077 0.3125 0.06490384615384616 0.08173076923076923
0 0.35216346153846156 0.32211538461538464 0.07451923076923077 0.10096153846153846
0 0.15504807692307693 0.29927884615384615 0.0889423076923077 0.10817307692307693
0 0.7307692307692307 0.30649038461538464 0.09134615384615384 0.11298076923076923
0 0.22596153846153846 0.33774038461538464 0.0625 0.07932692307692307
0 0.5480769230769231 0.3088942307692308 0.07692307692307693 0.11298076923076923
0 0.41225961538461536 0.31850961538461536 0.055288461538461536 0.0985576923076923
0 0.28846153846153844 0.33774038461538464 0.052884615384615384 0.07932692307692307
0 0.9411057692307693 0.27884615384615385 0.07932692307692307 0.10576923076923077
0 0.0733173076923077 0.08173076923076923 0.06490384615384616 0.08173076923076923
0 0.35216346153846156 0.07211538461538461 0.07451923076923077 0.10096153846153846
0 0.15504807692307693 0.09735576923076923 0.0889423076923077 0.10817307692307693
0 0.7307692307692307 0.09014423076923077 0.09134615384615384 0.11298076923076923
0 0.22596153846153846 0.05889423076923077 0.0625 0.07932692307692307
0 0.5480769230769231 0.08774038461538461 0.07692307692307693 0.11298076923076923
0 0.41225961538461536 0.078125 0.055288461538461536 0.0985576923076923
0 0.28846153846153844 0.05889423076923077 0.052884615384615384 0.07932692307692307
0 0.9411057692307693 0.11538461538461539 0.07932692307692307 0.10576923076923077