0 0.7199519230769231 0.4639423076923077 0.06971153846153846 0.08173076923076923
0 0.36778846153846156 0.4543269230769231 0.04807692307692308 0.057692307692307696
0 0.6274038461538461 0.4387019230769231 0.057692307692307696 0.06009615384615385
0 0.4723557692307692 0.4483173076923077 0.040865384615384616 0.055288461538461536
0 0.7704326923076923 0.4519230769230769 0.04567307692307692 0.057692307692307696
0 0.5216346153846154 0.46033653846153844 0.04326923076923077 0.055288461538461536
0 0.9110576923076923 0.4675480769230769 0.038461538461538464 0.04567307692307692
0 0.3269230769230769 0.4567307692307692 0.038461538461538464 0.04807692307692308
0 0.25961538461538464 0.4651442307692308 0.028846153846153848 0.036057692307692304
0 0.21754807692307693 0.46274038461538464 0.03125 0.036057692307692304
0 0.04927884615384615 0.453125 0.036057692307692304 0.040865384615384616