1 0.6286057692307693 0.41445783132530123 0.055288461538461536 0.07710843373493977
1 0.9447115384615384 0.42771084337349397 0.03365384615384615 0.060240963855421686
1 0.5745192307692307 0.42650602409638555 0.04326923076923077 0.06265060240963856
1 0.2644230769230769 0.41566265060240964 0.04326923076923077 0.05060240963855422
1 0.9050480769230769 0.42771084337349397 0.040865384615384616 0.04578313253012048
1 0.9831730769230769 0.43132530120481927 0.03365384615384615 0.05783132530120482
1 0.8317307692307693 0.42650602409638555 0.028846153846153848 0.043373493975903614
1 0.8004807692307693 0.44096385542168676 0.04326923076923077 0.04819277108433735
1 0.7307692307692307 0.4397590361445783 0.04326923076923077 0.04578313253012048
1 0.4951923076923077 0.42650602409638555 0.052884615384615384 0.04819277108433735
1 0.42427884615384615 0.42771084337349397 0.040865384615384616 0.04578313253012048
1 0.33533653846153844 0.4 0.036057692307692304 0.05783132530120482
1 0.29927884615384615 0.39759036144578314 0.03125 0.05783132530120482
1 0.22115384615384615 0.40963855421686746 0.04326923076923077 0.05783132530120482