1 0.734375 0.3144578313253012 0.06490384615384616 0.0891566265060241
1 0.7872596153846154 0.3132530120481928 0.055288461538461536 0.07228915662650602
1 0.49158653846153844 0.3325301204819277 0.06971153846153846 0.08674698795180723
1 0.28725961538461536 0.3108433734939759 0.07932692307692307 0.10120481927710843
1 0.5877403846153846 0.3180722891566265 0.06971153846153846 0.09156626506024096
1 0.6346153846153846 0.327710843373494 0.04807692307692308 0.0819277108433735
2 0.9362980769230769 0.5 0.12740384615384615 0.5469879518072289
2 0.26802884615384615 0.5228915662650603 0.12259615384615384 0.5253012048192771
2 0.4735576923076923 0.5385542168674698 0.125 0.4939759036144578
2 0.6237980769230769 0.555421686746988 0.18509615384615385 0.5518072289156627
2 0.7475961538461539 0.4891566265060241 0.1201923076923077 0.42891566265060244
2 0.8076923076923077 0.4759036144578313 0.10576923076923077 0.3927710843373494
1 0.7355769230769231 0.030120481927710843 0.0673076923076923 0.060240963855421686
1 0.7884615384615384 0.02650602409638554 0.057692307692307696 0.05301204819277108
1 0.49278846153846156 0.020481927710843374 0.07211538461538461 0.04096385542168675
1 0.28846153846153844 0.03493975903614458 0.08173076923076923 0.06987951807228916
1 0.5889423076923077 0.02891566265060241 0.07211538461538461 0.05783132530120482
1 0.6334134615384616 0.021686746987951807 0.05048076923076923 0.043373493975903614
2 0.2692307692307692 0.9373493975903614 0.125 0.11566265060240964
2 0.4723557692307692 0.9373493975903614 0.12740384615384615 0.11566265060240964
2 0.625 0.9144578313253012 0.1875 0.1614457831325301