1 0.3233173076923077 0.3096385542168675 0.07932692307692307 0.09879518072289156
1 0.5612980769230769 0.28433734939759037 0.06971153846153846 0.10120481927710843
1 0.7872596153846154 0.2855421686746988 0.0985576923076923 0.12289156626506025
1 0.19471153846153846 0.30120481927710846 0.09134615384615384 0.1108433734939759
1 0.24639423076923078 0.35180722891566263 0.04567307692307692 0.07228915662650602
1 0.5048076923076923 0.327710843373494 0.04807692307692308 0.05301204819277108
1 0.6586538461538461 0.36626506024096384 0.04326923076923077 0.05783132530120482
1 0.36658653846153844 0.3481927710843373 0.055288461538461536 0.0746987951807229
1 0.3245192307692308 0.03493975903614458 0.08173076923076923 0.06987951807228916
1 0.5625 0.04819277108433735 0.07211538461538461 0.0963855421686747
1 0.7884615384615384 0.05301204819277108 0.10096153846153846 0.10602409638554217
1 0.1935096153846154 0.04216867469879518 0.09375 0.08433734939759036
1 0.24759615384615385 0.007228915662650603 0.04807692307692308 0.014457831325301205
1 0.5036057692307693 0.014457831325301205 0.05048076923076923 0.02891566265060241
1 0.36778846153846156 0.00963855421686747 0.057692307692307696 0.01927710843373494