0 0.9651442307692307 0.42650602409638555 0.06009615384615385 0.07710843373493977
0 0.07692307692307693 0.42168674698795183 0.0673076923076923 0.07228915662650602
0 0.59375 0.42771084337349397 0.052884615384615384 0.06506024096385542
0 0.20072115384615385 0.43855421686746987 0.04567307692307692 0.06265060240963856
0 0.3245192307692308 0.4469879518072289 0.03365384615384615 0.04096385542168675
0 0.019230769230769232 0.4602409638554217 0.038461538461538464 0.05783132530120482
0 0.1502403846153846 0.46626506024096387 0.05048076923076923 0.05542168674698795
0 0.2620192307692308 0.45180722891566266 0.038461538461538464 0.05542168674698795
0 0.3954326923076923 0.4433734939759036 0.04567307692307692 0.05301204819277108
0 0.43149038461538464 0.43855421686746987 0.036057692307692304 0.043373493975903614
0 0.5024038461538461 0.43855421686746987 0.038461538461538464 0.05301204819277108
0 0.5324519230769231 0.4469879518072289 0.03125 0.04096385542168675
0 0.6887019230769231 0.4469879518072289 0.05048076923076923 0.060240963855421686
0 0.6610576923076923 0.43253012048192774 0.03365384615384615 0.05542168674698795
0 0.7379807692307693 0.44457831325301206 0.03365384615384615 0.04578313253012048
0 0.8209134615384616 0.42168674698795183 0.05048076923076923 0.05783132530120482