1 0.1875 0.38100961538461536 0.07692307692307693 0.09375
1 0.5504807692307693 0.33052884615384615 0.08653846153846154 0.11778846153846154
1 0.38822115384615385 0.33413461538461536 0.06971153846153846 0.10576923076923077
1 0.8870192307692307 0.32211538461538464 0.07692307692307693 0.1201923076923077
1 0.9543269230769231 0.34975961538461536 0.057692307692307696 0.08413461538461539
1 0.8269230769230769 0.36538461538461536 0.052884615384615384 0.07211538461538461
1 0.0985576923076923 0.36899038461538464 0.057692307692307696 0.06971153846153846
1 0.4387019230769231 0.35336538461538464 0.04567307692307692 0.07692307692307693
1 0.5997596153846154 0.375 0.06490384615384616 0.08173076923076923
1 0.2692307692307692 0.3713942307692308 0.038461538461538464 0.05048076923076923
0 0.7295673076923077 0.3798076923076923 0.036057692307692304 0.03365384615384615