1 0.49038461538461536 0.24158653846153846 0.08173076923076923 0.10336538461538461
1 0.8245192307692307 0.5709134615384616 0.1346153846153846 0.14182692307692307
1 0.3557692307692308 0.5961538461538461 0.12980769230769232 0.14423076923076922
1 0.12860576923076922 0.2704326923076923 0.08413461538461539 0.09375
1 0.14783653846153846 0.515625 0.11778846153846154 0.12259615384615384
1 0.04567307692307692 0.24759615384615385 0.07211538461538461 0.09134615384615384
1 0.5492788461538461 0.2932692307692308 0.07932692307692307 0.10096153846153846
1 0.9675480769230769 0.29927884615384615 0.06490384615384616 0.14182692307692307
1 0.1814903846153846 0.33052884615384615 0.0985576923076923 0.12740384615384615
1 0.6706730769230769 0.23197115384615385 0.09134615384615384 0.11298076923076923
1 0.890625 0.4050480769230769 0.10817307692307693 0.13221153846153846
1 0.2932692307692308 0.27884615384615385 0.09134615384615384 0.08173076923076923
1 0.8185096153846154 0.28846153846153844 0.10336538461538461 0.13942307692307693
1 0.17548076923076922 0.22355769230769232 0.10096153846153846 0.09615384615384616
1 0.26322115384615385 0.5985576923076923 0.10336538461538461 0.11538461538461539
1 0.6814903846153846 0.3870192307692308 0.11778846153846154 0.13942307692307693
1 0.5012019230769231 0.35336538461538464 0.09375 0.125
1 0.28365384615384615 0.3605769230769231 0.10576923076923077 0.14903846153846154
1 0.44350961538461536 0.39903846153846156 0.0985576923076923 0.09615384615384616
1 0.18629807692307693 0.484375 0.11778846153846154 0.13221153846153846
0 0.46153846153846156 0.7235576923076923 0.125 0.13942307692307693
0 0.8377403846153846 0.734375 0.11778846153846154 0.12740384615384615
0 0.04567307692307692 0.5408653846153846 0.07692307692307693 0.15384615384615385
0 0.9543269230769231 0.6430288461538461 0.08653846153846154 0.12740384615384615
2 0.6622596153846154 0.5757211538461539 0.20432692307692307 0.4831730769230769
2 0.9170673076923077 0.4567307692307692 0.12259615384615384 0.22596153846153846
2 0.8040865384615384 0.3629807692307692 0.12740384615384615 0.27403846153846156
2 0.6550480769230769 0.2608173076923077 0.15144230769230768 0.1658653846153846
2 0.46634615384615385 0.5024038461538461 0.1346153846153846 0.2932692307692308
2 0.051682692307692304 0.6442307692307693 0.09375 0.34134615384615385
2 0.3485576923076923 0.6790865384615384 0.16346153846153846 0.27163461538461536
2 0.14783653846153846 0.6370192307692307 0.12259615384615384 0.34615384615384615
2 0.5180288461538461 0.5540865384615384 0.11298076923076923 0.5072115384615384
2 0.04447115384615385 0.3473557692307692 0.07932692307692307 0.2860576923076923
1 0.49038461538461536 0.10697115384615384 0.08173076923076923 0.10336538461538461
1 0.12860576923076922 0.078125 0.08413461538461539 0.09375
1 0.04567307692307692 0.0985576923076923 0.07211538461538461 0.09134615384615384
1 0.5492788461538461 0.052884615384615384 0.07932692307692307 0.10096153846153846
1 0.9675480769230769 0.06009615384615385 0.06490384615384616 0.1201923076923077
1 0.18269230769230768 0.040865384615384616 0.10096153846153846 0.08173076923076923
1 0.6706730769230769 0.11658653846153846 0.09134615384615384 0.11298076923076923
1 0.2932692307692308 0.0673076923076923 0.09134615384615384 0.08173076923076923
1 0.8197115384615384 0.06490384615384616 0.10576923076923077 0.12980769230769232
1 0.17548076923076922 0.12259615384615384 0.10096153846153846 0.09615384615384616
1 0.6826923076923077 0.015625 0.1201923076923077 0.03125
1 0.5024038461538461 0.028846153846153848 0.09615384615384616 0.057692307692307696
1 0.2824519230769231 0.03125 0.10817307692307693 0.0625
0 0.46153846153846156 0.9134615384615384 0.125 0.13942307692307693
0 0.8377403846153846 0.9050480769230769 0.11778846153846154 0.12740384615384615
0 0.953125 0.9627403846153846 0.0889423076923077 0.06490384615384616
2 0.6634615384615384 0.9074519230769231 0.20673076923076922 0.17548076923076922
2 0.8052884615384616 0.06129807692307692 0.12980769230769232 0.12259615384615384
2 0.6550480769230769 0.08774038461538461 0.15144230769230768 0.1658653846153846
2 0.052884615384615384 0.9086538461538461 0.09615384615384616 0.17307692307692307
2 0.3473557692307692 0.9086538461538461 0.1658653846153846 0.17307692307692307
2 0.14903846153846154 0.9110576923076923 0.125 0.16826923076923078
2 0.5192307692307693 0.9122596153846154 0.11538461538461539 0.1658653846153846
2 0.04567307692307692 0.07211538461538461 0.08173076923076923 0.14423076923076922