1 0.27403846153846156 0.35216346153846156 0.12980769230769232 0.13701923076923078
1 0.3786057692307692 0.35697115384615385 0.0889423076923077 0.10336538461538461
1 0.6983173076923077 0.3233173076923077 0.12259615384615384 0.13701923076923078
1 0.4338942307692308 0.3389423076923077 0.055288461538461536 0.07692307692307693
1 0.5769230769230769 0.3269230769230769 0.04807692307692308 0.052884615384615384
1 0.09495192307692307 0.37259615384615385 0.05048076923076923 0.1875
1 0.27283653846153844 0.020432692307692308 0.13221153846153846 0.040865384615384616
1 0.3798076923076923 0.009615384615384616 0.09134615384615384 0.019230769230769232
1 0.6995192307692307 0.03485576923076923 0.125 0.06971153846153846
1 0.43509615384615385 0.01201923076923077 0.057692307692307696 0.02403846153846154
1 0.5757211538461539 0.01201923076923077 0.05048076923076923 0.02403846153846154
1 0.09615384615384616 0.02283653846153846 0.052884615384615384 0.04567307692307692