1 0.5216346153846154 0.5745192307692307 0.08173076923076923 0.09134615384615384
1 0.8774038461538461 0.5805288461538461 0.07692307692307693 0.09375
1 0.71875 0.5805288461538461 0.07692307692307693 0.07451923076923077
1 0.37740384615384615 0.6394230769230769 0.0673076923076923 0.08173076923076923
1 0.6826923076923077 0.5757211538461539 0.038461538461538464 0.07932692307692307
0 0.6009615384615384 0.3245192307692308 0.07692307692307693 0.07211538461538461
0 0.3293269230769231 0.6117788461538461 0.04326923076923077 0.04567307692307692
0 0.4170673076923077 0.6334134615384616 0.036057692307692304 0.06490384615384616
0 0.8329326923076923 0.6298076923076923 0.05048076923076923 0.0673076923076923
1 0.9639423076923077 0.5793269230769231 0.07211538461538461 0.09615384615384616
0 0.9927884615384616 0.6310096153846154 0.014423076923076924 0.06971153846153846