1 0.8569711538461539 0.6409638554216868 0.06490384615384616 0.0819277108433735
1 0.6057692307692307 0.6012048192771084 0.04807692307692308 0.0746987951807229
1 0.21634615384615385 0.6144578313253012 0.04326923076923077 0.05783132530120482
1 0.9675480769230769 0.5903614457831325 0.04567307692307692 0.06265060240963856
1 0.12980769230769232 0.6144578313253012 0.04326923076923077 0.06746987951807229
1 0.09134615384615384 0.6265060240963856 0.057692307692307696 0.07710843373493977
1 0.5024038461538461 0.6120481927710844 0.04807692307692308 0.06265060240963856
1 0.7764423076923077 0.6012048192771084 0.04326923076923077 0.060240963855421686
1 0.8197115384615384 0.6060240963855422 0.028846153846153848 0.05060240963855422
1 0.4362980769230769 0.6096385542168675 0.021634615384615384 0.033734939759036145
1 0.5444711538461539 0.608433734939759 0.026442307692307692 0.03614457831325301
1 0.46634615384615385 0.6168674698795181 0.019230769230769232 0.033734939759036145