1 0.16346153846153846 0.296875 0.07211538461538461 0.09375
1 0.6754807692307693 0.29086538461538464 0.0673076923076923 0.09615384615384616
1 0.8185096153846154 0.28365384615384615 0.06490384615384616 0.08653846153846154
1 0.5264423076923077 0.296875 0.09134615384615384 0.11778846153846154
1 0.3557692307692308 0.3161057692307692 0.057692307692307696 0.07451923076923077
1 0.21153846153846154 0.3161057692307692 0.052884615384615384 0.06971153846153846
1 0.8569711538461539 0.3137019230769231 0.040865384615384616 0.06009615384615385
1 0.1622596153846154 0.037259615384615384 0.07451923076923077 0.07451923076923077
1 0.6742788461538461 0.040865384615384616 0.06971153846153846 0.08173076923076923
1 0.8197115384615384 0.042067307692307696 0.0673076923076923 0.08413461538461539
1 0.5252403846153846 0.04326923076923077 0.09375 0.08653846153846154
1 0.3545673076923077 0.02283653846153846 0.06009615384615385 0.04567307692307692
1 0.21033653846153846 0.021634615384615384 0.055288461538461536 0.04326923076923077
1 0.8581730769230769 0.020432692307692308 0.04326923076923077 0.040865384615384616