1 0.5637019230769231 0.6156626506024097 0.05048076923076923 0.05060240963855422
1 0.953125 0.6385542168674698 0.055288461538461536 0.05301204819277108
1 0.12980769230769232 0.5879518072289157 0.04326923076923077 0.04819277108433735
1 0.35336538461538464 0.4855421686746988 0.038461538461538464 0.03614457831325301
1 0.23918269230769232 0.4674698795180723 0.03125 0.033734939759036145
1 0.0673076923076923 0.4891566265060241 0.028846153846153848 0.033734939759036145
1 0.36899038461538464 0.5421686746987951 0.026442307692307692 0.024096385542168676
1 0.5192307692307693 0.42891566265060244 0.02403846153846154 0.02891566265060241
1 0.4879807692307692 0.41927710843373495 0.028846153846153848 0.02891566265060241
1 0.7560096153846154 0.41445783132530123 0.040865384615384616 0.033734939759036145
1 0.0985576923076923 0.41566265060240964 0.028846153846153848 0.021686746987951807
1 0.13221153846153846 0.40120481927710844 0.028846153846153848 0.02650602409638554
1 0.1875 0.38433734939759034 0.019230769230769232 0.021686746987951807
0 0.15144230769230768 0.6108433734939759 0.03365384615384615 0.03614457831325301
1 0.25841346153846156 0.43132530120481927 0.021634615384615384 0.024096385542168676