0 0.7728365384615384 0.4651442307692308 0.07451923076923077 0.0889423076923077
0 0.5060096153846154 0.42427884615384615 0.07932692307692307 0.0985576923076923
0 0.6346153846153846 0.43509615384615385 0.0673076923076923 0.09134615384615384
0 0.25240384615384615 0.4495192307692308 0.0625 0.08653846153846154
0 0.34134615384615385 0.4675480769230769 0.052884615384615384 0.06490384615384616
1 0.4651442307692308 0.46033653846153844 0.04567307692307692 0.07932692307692307
0 0.2848557692307692 0.46033653846153844 0.036057692307692304 0.055288461538461536
0 0.5072115384615384 0.030048076923076924 0.08173076923076923 0.06009615384615385
0 0.6334134615384616 0.02283653846153846 0.06971153846153846 0.04567307692307692
0 0.2512019230769231 0.014423076923076924 0.06490384615384616 0.028846153846153848
1 0.46634615384615385 0.007211538461538462 0.04807692307692308 0.014423076923076924