1 0.7223557692307693 0.36778846153846156 0.06971153846153846 0.09134615384615384
1 0.39783653846153844 0.3798076923076923 0.08413461538461539 0.10096153846153846
1 0.609375 0.36899038461538464 0.08413461538461539 0.11298076923076923
1 0.8942307692307693 0.3918269230769231 0.04807692307692308 0.0673076923076923
1 0.7860576923076923 0.41225961538461536 0.038461538461538464 0.04567307692307692
1 0.8521634615384616 0.4074519230769231 0.03125 0.040865384615384616
1 0.04326923076923077 0.3629807692307692 0.07211538461538461 0.14423076923076922
1 0.7223557692307693 0.06490384615384616 0.06971153846153846 0.09134615384615384
1 0.39783653846153844 0.052884615384615384 0.08413461538461539 0.10096153846153846
1 0.609375 0.06610576923076923 0.08413461538461539 0.11298076923076923
1 0.8942307692307693 0.040865384615384616 0.04807692307692308 0.0673076923076923
1 0.7860576923076923 0.02283653846153846 0.038461538461538464 0.04567307692307692
1 0.8521634615384616 0.027644230769230768 0.03125 0.040865384615384616
1 0.04326923076923077 0.07091346153846154 0.07211538461538461 0.14182692307692307