1 0.5855421686746988 0.7572115384615384 0.05783132530120482 0.07692307692307693
1 0.3819277108433735 0.7295673076923077 0.03614457831325301 0.05048076923076923
1 0.4530120481927711 0.7487980769230769 0.02891566265060241 0.05048076923076923
1 0.5289156626506024 0.28966346153846156 0.02650602409638554 0.03125
0 0.23012048192771084 0.7175480769230769 0.021686746987951807 0.026442307692307692
0 0.3096385542168675 0.7283653846153846 0.021686746987951807 0.02403846153846154
0 0.1927710843373494 0.7007211538461539 0.01927710843373494 0.026442307692307692
0 0.2674698795180723 0.7271634615384616 0.01927710843373494 0.021634615384615384
0 0.25180722891566265 0.7067307692307693 0.016867469879518072 0.019230769230769232
0 0.29518072289156627 0.7175480769230769 0.016867469879518072 0.021634615384615384
0 0.3289156626506024 0.7199519230769231 0.016867469879518072 0.026442307692307692
0 0.3457831325301205 0.7151442307692307 0.021686746987951807 0.026442307692307692
0 0.472289156626506 0.7247596153846154 0.01927710843373494 0.016826923076923076
0 0.5313253012048192 0.7283653846153846 0.016867469879518072 0.02403846153846154
0 0.691566265060241 0.7391826923076923 0.01927710843373494 0.021634615384615384
0 0.44216867469879517 0.7235576923076923 0.016867469879518072 0.019230769230769232
0 0.1 0.7175480769230769 0.021686746987951807 0.026442307692307692
0 0.020481927710843374 0.7283653846153846 0.021686746987951807 0.02403846153846154
0 0.13493975903614458 0.7007211538461539 0.01927710843373494 0.026442307692307692
0 0.060240963855421686 0.7271634615384616 0.01927710843373494 0.021634615384615384
0 0.0783132530120482 0.7067307692307693 0.016867469879518072 0.019230769230769232
0 0.03493975903614458 0.7175480769230769 0.016867469879518072 0.021634615384615384
0 0.004819277108433735 0.71875 0.00963855421686747 0.028846153846153848
0 0.9710843373493976 0.7391826923076923 0.01927710843373494 0.021634615384615384