1 0.5975903614457831 0.23197115384615385 0.236144578313253 0.2956730769230769
1 0.8072289156626506 0.1346153846153846 0.18795180722891566 0.1971153846153846
1 0.43253012048192774 0.17908653846153846 0.16626506024096385 0.19471153846153846
1 0.3228915662650602 0.2824519230769231 0.0819277108433735 0.10817307692307693
1 0.14698795180722893 0.11177884615384616 0.08674698795180723 0.21875
0 0.3253012048192771 0.037259615384615384 0.06265060240963856 0.07451923076923077
0 0.4433734939759036 0.042067307692307696 0.06265060240963856 0.08413461538461539
0 0.38674698795180723 0.03125 0.04578313253012048 0.0625
0 0.4819277108433735 0.04326923076923077 0.03855421686746988 0.052884615384615384
0 0.21325301204819277 0.078125 0.04578313253012048 0.05048076923076923
0 0.5759036144578313 0.054086538461538464 0.03855421686746988 0.04567307692307692
1 0.9518072289156626 0.13581730769230768 0.0963855421686747 0.19951923076923078
1 0.05301204819277108 0.11177884615384616 0.08674698795180723 0.21875