0 0.16346153846153846 0.5757211538461539 0.07211538461538461 0.06971153846153846
0 0.25600961538461536 0.6730769230769231 0.10336538461538461 0.125
0 0.3762019230769231 0.6033653846153846 0.06490384615384616 0.0625
0 0.5336538461538461 0.5973557692307693 0.057692307692307696 0.055288461538461536
0 0.5913461538461539 0.7043269230769231 0.07692307692307693 0.07692307692307693
0 0.8293269230769231 0.6586538461538461 0.09615384615384616 0.10096153846153846
0 0.9759615384615384 0.6766826923076923 0.04807692307692308 0.08413461538461539
0 0.9831730769230769 0.5865384615384616 0.03365384615384615 0.04807692307692308
0 0.890625 0.5829326923076923 0.04567307692307692 0.04567307692307692
0 0.6959134615384616 0.5961538461538461 0.04567307692307692 0.052884615384615384
0 0.6225961538461539 0.5889423076923077 0.04807692307692308 0.052884615384615384
0 0.8221153846153846 0.5853365384615384 0.04326923076923077 0.040865384615384616