1 0.4375 0.27951807228915665 0.09615384615384616 0.12530120481927712
1 0.18269230769230768 0.29759036144578316 0.10576923076923077 0.14216867469879518
1 0.4951923076923077 0.363855421686747 0.10576923076923077 0.13012048192771083
1 0.6358173076923077 0.3325301204819277 0.10336538461538461 0.13493975903614458
1 0.328125 0.35180722891566263 0.10817307692307693 0.12530120481927712
1 0.7728365384615384 0.2927710843373494 0.09375 0.12771084337349398
1 0.4362980769230769 0.056626506024096385 0.0985576923076923 0.11325301204819277
1 0.1814903846153846 0.051807228915662654 0.10817307692307693 0.10361445783132531
1 0.49399038461538464 0.01566265060240964 0.10817307692307693 0.03132530120481928
1 0.6370192307692307 0.03253012048192771 0.10576923076923077 0.06506024096385542
1 0.3293269230769231 0.020481927710843374 0.11057692307692307 0.04096385542168675
1 0.7740384615384616 0.05060240963855422 0.09615384615384616 0.10120481927710843