1 0.78125 0.6442307692307693 0.07211538461538461 0.07692307692307693
1 0.78125 0.5420673076923077 0.057692307692307696 0.06490384615384616
1 0.7103365384615384 0.3798076923076923 0.03125 0.052884615384615384
1 0.6538461538461539 0.6081730769230769 0.04807692307692308 0.052884615384615384
1 0.5204326923076923 0.5252403846153846 0.040865384615384616 0.04567307692307692
1 0.5 0.4987980769230769 0.04326923076923077 0.04567307692307692
1 0.44350961538461536 0.5360576923076923 0.05048076923076923 0.04326923076923077
1 0.07692307692307693 0.29086538461538464 0.038461538461538464 0.0673076923076923
1 0.10576923076923077 0.3173076923076923 0.03365384615384615 0.04807692307692308
1 0.125 0.30408653846153844 0.03365384615384615 0.05048076923076923
0 0.04447115384615385 0.30528846153846156 0.04567307692307692 0.057692307692307696
0 0.028846153846153848 0.37259615384615385 0.038461538461538464 0.057692307692307696