1 0.1658653846153846 0.28433734939759037 0.07692307692307693 0.09156626506024096
1 0.7728365384615384 0.27951807228915665 0.06971153846153846 0.07228915662650602
1 0.23677884615384615 0.26626506024096386 0.06971153846153846 0.0891566265060241
1 0.44591346153846156 0.3313253012048193 0.06490384615384616 0.07951807228915662
1 0.65625 0.3337349397590361 0.057692307692307696 0.05542168674698795
1 0.6899038461538461 0.3060240963855422 0.03365384615384615 0.04819277108433735
1 0.1658653846153846 0.04457831325301205 0.07692307692307693 0.0891566265060241
1 0.7728365384615384 0.04819277108433735 0.06971153846153846 0.07228915662650602
1 0.23677884615384615 0.06385542168674699 0.06971153846153846 0.0891566265060241
1 0.44471153846153844 0.01927710843373494 0.0673076923076923 0.03855421686746988
1 0.6574519230769231 0.012048192771084338 0.06009615384615385 0.024096385542168676
1 0.6899038461538461 0.02289156626506024 0.03365384615384615 0.04578313253012048