0 0.8112980769230769 0.5975903614457831 0.07932692307692307 0.0963855421686747
0 0.2776442307692308 0.25421686746987954 0.10336538461538461 0.11325301204819277
0 0.6454326923076923 0.6277108433734939 0.07451923076923077 0.08433734939759036
0 0.8774038461538461 0.5831325301204819 0.052884615384615384 0.07228915662650602
0 0.39302884615384615 0.6120481927710844 0.06009615384615385 0.06746987951807229
0 0.7668269230769231 0.5855421686746988 0.03365384615384615 0.05783132530120482
0 0.9819711538461539 0.5734939759036145 0.03125 0.07228915662650602
0 0.5805288461538461 0.6 0.040865384615384616 0.05783132530120482
0 0.5180288461538461 0.5975903614457831 0.04567307692307692 0.06265060240963856
0 0.45913461538461536 0.6156626506024097 0.04326923076923077 0.05542168674698795
0 0.6983173076923077 0.5975903614457831 0.040865384615384616 0.04819277108433735
0 0.2776442307692308 0.07590361445783132 0.10336538461538461 0.11325301204819277