0 0.17067307692307693 0.3506024096385542 0.10576923076923077 0.11325301204819277
0 0.8641826923076923 0.36265060240963853 0.06490384615384616 0.0891566265060241
0 0.5649038461538461 0.3409638554216867 0.08173076923076923 0.10843373493975904
0 0.3449519230769231 0.3301204819277108 0.09375 0.10602409638554217
0 0.7379807692307693 0.3180722891566265 0.10576923076923077 0.13493975903614458
0 0.9603365384615384 0.3433734939759036 0.055288461538461536 0.0891566265060241
0 0.515625 0.37349397590361444 0.040865384615384616 0.06746987951807229
0 0.6189903846153846 0.3542168674698795 0.040865384615384616 0.06746987951807229
0 0.09375 0.3710843373493976 0.04807692307692308 0.06746987951807229
0 0.2439903846153846 0.36987951807228914 0.03125 0.04578313253012048
0 0.025240384615384616 0.38433734939759034 0.05048076923076923 0.06987951807228916
0 0.4651442307692308 0.3759036144578313 0.03125 0.03855421686746988
0 0.6478365384615384 0.3674698795180723 0.040865384615384616 0.05542168674698795
0 0.4170673076923077 0.39156626506024095 0.040865384615384616 0.05060240963855422
0 0.3942307692307692 0.35180722891566263 0.03365384615384615 0.05783132530120482
0 0.9783653846153846 0.3072289156626506 0.028846153846153848 0.12771084337349398
0 0.171875 0.018072289156626505 0.10817307692307693 0.03614457831325301
0 0.5661057692307693 0.021686746987951807 0.08413461538461539 0.043373493975903614
0 0.34375 0.02650602409638554 0.09615384615384616 0.05301204819277108
0 0.7391826923076923 0.03975903614457831 0.10817307692307693 0.07951807228915662
0 0.9591346153846154 0.01566265060240964 0.057692307692307696 0.03132530120481928
0 0.9795673076923077 0.043373493975903614 0.03125 0.08674698795180723