1 0.14302884615384615 0.6409638554216868 0.06490384615384616 0.0819277108433735
1 0.3942307692307692 0.6012048192771084 0.04807692307692308 0.0746987951807229
1 0.7836538461538461 0.6144578313253012 0.04326923076923077 0.05783132530120482
1 0.03245192307692308 0.5903614457831325 0.04567307692307692 0.06265060240963856
1 0.8701923076923077 0.6144578313253012 0.04326923076923077 0.06746987951807229
1 0.9086538461538461 0.6265060240963856 0.057692307692307696 0.07710843373493977
1 0.49759615384615385 0.6120481927710844 0.04807692307692308 0.06265060240963856
1 0.22355769230769232 0.6012048192771084 0.04326923076923077 0.060240963855421686
1 0.18028846153846154 0.6060240963855422 0.028846153846153848 0.05060240963855422
1 0.5637019230769231 0.6096385542168675 0.021634615384615384 0.033734939759036145
1 0.45552884615384615 0.608433734939759 0.026442307692307692 0.03614457831325301
1 0.5336538461538461 0.6168674698795181 0.019230769230769232 0.033734939759036145