0 0.4074519230769231 0.3108433734939759 0.06971153846153846 0.0963855421686747
0 0.8509615384615384 0.29397590361445786 0.07211538461538461 0.08674698795180723
0 0.734375 0.26626506024096386 0.0985576923076923 0.12289156626506025
0 0.5024038461538461 0.29156626506024097 0.10096153846153846 0.12048192771084337
0 0.25240384615384615 0.344578313253012 0.10096153846153846 0.12530120481927712
0 0.6286057692307693 0.3108433734939759 0.04567307692307692 0.05783132530120482
0 0.40625 0.033734939759036145 0.07211538461538461 0.06746987951807229
0 0.8521634615384616 0.03975903614457831 0.07451923076923077 0.07951807228915662
0 0.734375 0.06385542168674699 0.0985576923076923 0.12289156626506025
0 0.5036057692307693 0.04939759036144578 0.10336538461538461 0.09879518072289156
0 0.2536057692307692 0.024096385542168676 0.10336538461538461 0.04819277108433735
0 0.6274038461538461 0.024096385542168676 0.04807692307692308 0.04819277108433735