1 0.9579326923076923 0.4423076923076923 0.06971153846153846 0.08173076923076923
1 0.4891826923076923 0.4098557692307692 0.055288461538461536 0.08413461538461539
1 0.7692307692307693 0.43149038461538464 0.057692307692307696 0.06971153846153846
1 0.11899038461538461 0.3954326923076923 0.06971153846153846 0.08413461538461539
1 0.33774038461538464 0.3870192307692308 0.06009615384615385 0.08173076923076923
1 0.2692307692307692 0.41466346153846156 0.052884615384615384 0.06971153846153846
1 0.8629807692307693 0.43149038461538464 0.052884615384615384 0.06971153846153846
1 0.21754807692307693 0.4098557692307692 0.04567307692307692 0.06971153846153846
1 0.5865384615384616 0.41586538461538464 0.0625 0.07211538461538461
1 0.7127403846153846 0.421875 0.04567307692307692 0.06490384615384616
1 0.5408653846153846 0.41225961538461536 0.03365384615384615 0.06971153846153846
1 0.3713942307692308 0.4230769230769231 0.03125 0.04326923076923077
1 0.07572115384615384 0.41586538461538464 0.040865384615384616 0.0673076923076923
1 0.40024038461538464 0.43149038461538464 0.026442307692307692 0.040865384615384616