1 0.17668269230769232 0.344578313253012 0.07932692307692307 0.10602409638554217
1 0.7475961538461539 0.31204819277108437 0.1778846153846154 0.21445783132530122
1 0.3125 0.3204819277108434 0.21153846153846154 0.26024096385542167
1 0.06009615384615385 0.3795180722891566 0.052884615384615384 0.06987951807228916
2 0.7932692307692307 0.5228915662650603 0.34615384615384615 0.6072289156626506
2 0.08173076923076923 0.4506024096385542 0.125 0.20240963855421687
2 0.17908653846153846 0.3759036144578313 0.10817307692307693 0.1493975903614458
2 0.2536057692307692 0.519277108433735 0.3629807692307692 0.619277108433735
1 0.17548076923076922 0.01927710843373494 0.08173076923076923 0.03855421686746988
1 0.7487980769230769 0.06265060240963856 0.18028846153846154 0.12530120481927712
1 0.3137019230769231 0.06987951807228916 0.21394230769230768 0.13975903614457832
2 0.7944711538461539 0.9156626506024096 0.3485576923076923 0.15903614457831325
2 0.1778846153846154 0.014457831325301205 0.11057692307692307 0.02891566265060241
2 0.25240384615384615 0.9144578313253012 0.36538461538461536 0.1614457831325301