1 0.4411057692307692 0.21084337349397592 0.07932692307692307 0.09879518072289156
1 0.8100961538461539 0.2710843373493976 0.07692307692307693 0.0891566265060241
1 0.6237980769230769 0.2710843373493976 0.06009615384615385 0.07951807228915662
1 0.7235576923076923 0.336144578313253 0.08173076923076923 0.10361445783132531
0 0.12740384615384615 0.21807228915662652 0.08173076923076923 0.08433734939759036
0 0.24519230769230768 0.2927710843373494 0.04326923076923077 0.05542168674698795
0 0.28125 0.2674698795180723 0.04326923076923077 0.05301204819277108
0 0.3389423076923077 0.30843373493975906 0.03365384615384615 0.043373493975903614
1 0.4411057692307692 0.09518072289156626 0.07932692307692307 0.09879518072289156
1 0.8112980769230769 0.03975903614457831 0.07932692307692307 0.07951807228915662
1 0.6225961538461539 0.03734939759036145 0.0625 0.0746987951807229
1 0.7247596153846154 0.010843373493975903 0.08413461538461539 0.021686746987951807
0 0.12740384615384615 0.08795180722891566 0.08173076923076923 0.08433734939759036
0 0.24639423076923078 0.020481927710843374 0.04567307692307692 0.04096385542168675
0 0.28125 0.03614457831325301 0.04326923076923077 0.05301204819277108
0 0.3401442307692308 0.00963855421686747 0.036057692307692304 0.01927710843373494