1 0.22235576923076922 0.5650602409638554 0.06490384615384616 0.06987951807228916
1 0.8004807692307693 0.5048192771084338 0.04326923076923077 0.04096385542168675
1 0.5769230769230769 0.4975903614457831 0.052884615384615384 0.05542168674698795
1 0.5612980769230769 0.39879518072289155 0.03125 0.03614457831325301
1 0.6081730769230769 0.41325301204819276 0.03365384615384615 0.03132530120481928
1 0.17668269230769232 0.3963855421686747 0.04567307692307692 0.04578313253012048
1 0.054086538461538464 0.4927710843373494 0.040865384615384616 0.04096385542168675
1 0.025240384615384616 0.41445783132530123 0.040865384615384616 0.05301204819277108
1 0.11778846153846154 0.4 0.028846153846153848 0.043373493975903614
1 0.5625 0.008433734939759036 0.03365384615384615 0.016867469879518072
1 0.1778846153846154 0.012048192771084338 0.04807692307692308 0.024096385542168676
1 0.026442307692307692 0.004819277108433735 0.04326923076923077 0.00963855421686747
1 0.11658653846153846 0.00963855421686747 0.03125 0.01927710843373494