1 0.11177884615384616 0.3265060240963855 0.03125 0.04578313253012048
1 0.29447115384615385 0.4650602409638554 0.03125 0.03855421686746988
1 0.43149038461538464 0.3397590361445783 0.021634615384615384 0.043373493975903614
1 0.8293269230769231 0.43373493975903615 0.03365384615384615 0.033734939759036145
1 0.6490384615384616 0.4855421686746988 0.03365384615384615 0.03614457831325301
1 0.5745192307692307 0.3783132530120482 0.03365384615384615 0.033734939759036145
1 0.4567307692307692 0.39879518072289155 0.03365384615384615 0.02650602409638554
1 0.49038461538461536 0.3614457831325301 0.03365384615384615 0.02891566265060241
1 0.49278846153846156 0.39036144578313253 0.03365384615384615 0.03855421686746988
1 0.6550480769230769 0.6903614457831325 0.026442307692307692 0.04578313253012048
1 0.11057692307692307 0.0036144578313253013 0.03365384615384615 0.007228915662650603
1 0.6538461538461539 0.9819277108433735 0.028846153846153848 0.02650602409638554