1 0.5625 0.27951807228915665 0.09615384615384616 0.12530120481927712
1 0.8173076923076923 0.29759036144578316 0.10576923076923077 0.14216867469879518
1 0.5048076923076923 0.363855421686747 0.10576923076923077 0.13012048192771083
1 0.3641826923076923 0.3325301204819277 0.10336538461538461 0.13493975903614458
1 0.671875 0.35180722891566263 0.10817307692307693 0.12530120481927712
1 0.22716346153846154 0.2927710843373494 0.09375 0.12771084337349398
1 0.5637019230769231 0.056626506024096385 0.0985576923076923 0.11325301204819277
1 0.8185096153846154 0.051807228915662654 0.10817307692307693 0.10361445783132531
1 0.5060096153846154 0.01566265060240964 0.10817307692307693 0.03132530120481928
1 0.3629807692307692 0.03253012048192771 0.10576923076923077 0.06506024096385542
1 0.6706730769230769 0.020481927710843374 0.11057692307692307 0.04096385542168675
1 0.22596153846153846 0.05060240963855422 0.09615384615384616 0.10120481927710843