0 0.22115384615384615 0.3132530120481928 0.11538461538461539 0.15421686746987953
0 0.5384615384615384 0.3566265060240964 0.08653846153846154 0.10602409638554217
0 0.3954326923076923 0.38674698795180723 0.10817307692307693 0.14216867469879518
0 0.9399038461538461 0.3650602409638554 0.10096153846153846 0.1180722891566265
0 0.7956730769230769 0.3674698795180723 0.10096153846153846 0.12289156626506025
0 0.6310096153846154 0.3373493975903614 0.10336538461538461 0.13012048192771083
0 0.22235576923076922 0.04939759036144578 0.11778846153846154 0.09879518072289156
0 0.5396634615384616 0.01566265060240964 0.0889423076923077 0.03132530120481928
0 0.9411057692307693 0.014457831325301205 0.10336538461538461 0.02891566265060241
0 0.796875 0.014457831325301205 0.10336538461538461 0.02891566265060241
0 0.6298076923076923 0.03132530120481928 0.10576923076923077 0.06265060240963856