1 0.17548076923076922 0.3060240963855422 0.17307692307692307 0.17349397590361446
1 0.7319711538461539 0.35903614457831323 0.1466346153846154 0.163855421686747
1 0.6045673076923077 0.39518072289156625 0.11298076923076923 0.13012048192771083
1 0.3016826923076923 0.31204819277108437 0.11778846153846154 0.14216867469879518
1 0.0889423076923077 0.3253012048192771 0.057692307692307696 0.07228915662650602
1 0.7007211538461539 0.3 0.11778846153846154 0.10361445783132531
1 0.9603365384615384 0.3337349397590361 0.06971153846153846 0.2289156626506024
1 0.17548076923076922 0.12771084337349398 0.17307692307692307 0.17349397590361446
1 0.7307692307692307 0.07951807228915662 0.14903846153846154 0.15903614457831325
1 0.6033653846153846 0.05301204819277108 0.11538461538461539 0.10602409638554217
1 0.3016826923076923 0.12409638554216867 0.11778846153846154 0.14216867469879518
1 0.0889423076923077 0.10843373493975904 0.057692307692307696 0.07228915662650602
1 0.7007211538461539 0.13614457831325302 0.11778846153846154 0.10361445783132531
1 0.9591346153846154 0.10843373493975904 0.07211538461538461 0.21686746987951808