1 0.20432692307692307 0.5963855421686747 0.04807692307692308 0.05060240963855422
1 0.2439903846153846 0.6012048192771084 0.040865384615384616 0.05060240963855422
1 0.3425480769230769 0.6180722891566265 0.04567307692307692 0.04578313253012048
1 0.3125 0.5975903614457831 0.02403846153846154 0.033734939759036145
1 0.46033653846153844 0.6855421686746987 0.040865384615384616 0.03614457831325301
1 0.5420673076923077 0.5879518072289157 0.04567307692307692 0.033734939759036145
1 0.6490384615384616 0.6 0.028846153846153848 0.03855421686746988
1 0.6706730769230769 0.653012048192771 0.038461538461538464 0.033734939759036145
1 0.6911057692307693 0.6048192771084338 0.021634615384615384 0.02891566265060241
1 0.7475961538461539 0.6265060240963856 0.03365384615384615 0.033734939759036145
1 0.7043269230769231 0.6855421686746987 0.028846153846153848 0.02650602409638554
1 0.46033653846153844 0.9746987951807229 0.040865384615384616 0.03614457831325301
1 0.6694711538461539 0.9915662650602409 0.040865384615384616 0.007228915662650603
1 0.7043269230769231 0.9746987951807229 0.028846153846153848 0.02650602409638554