1 0.3713942307692308 0.41445783132530123 0.055288461538461536 0.07710843373493977
1 0.055288461538461536 0.42771084337349397 0.03365384615384615 0.060240963855421686
1 0.4254807692307692 0.42650602409638555 0.04326923076923077 0.06265060240963856
1 0.7355769230769231 0.41566265060240964 0.04326923076923077 0.05060240963855422
1 0.09495192307692307 0.42771084337349397 0.040865384615384616 0.04578313253012048
1 0.016826923076923076 0.43132530120481927 0.03365384615384615 0.05783132530120482
1 0.16826923076923078 0.42650602409638555 0.028846153846153848 0.043373493975903614
1 0.19951923076923078 0.44096385542168676 0.04326923076923077 0.04819277108433735
1 0.2692307692307692 0.4397590361445783 0.04326923076923077 0.04578313253012048
1 0.5048076923076923 0.42650602409638555 0.052884615384615384 0.04819277108433735
1 0.5757211538461539 0.42771084337349397 0.040865384615384616 0.04578313253012048
1 0.6646634615384616 0.4 0.036057692307692304 0.05783132530120482
1 0.7007211538461539 0.39759036144578314 0.03125 0.05783132530120482
1 0.7788461538461539 0.40963855421686746 0.04326923076923077 0.05783132530120482