1 0.6971153846153846 0.3542168674698795 0.16826923076923078 0.20240963855421687
1 0.3125 0.336144578313253 0.1778846153846154 0.17590361445783131
1 0.49278846153846156 0.3301204819277108 0.11538461538461539 0.15421686746987953
1 0.06370192307692307 0.3566265060240964 0.021634615384615384 0.01927710843373494
2 0.7836538461538461 0.5397590361445783 0.4326923076923077 0.563855421686747
2 0.20072115384615385 0.5409638554216868 0.3918269230769231 0.5614457831325301
2 0.46033653846153844 0.4843373493975904 0.2283653846153846 0.4433734939759036
1 0.6959134615384616 0.04578313253012048 0.17067307692307693 0.09156626506024096
1 0.3112980769230769 0.04819277108433735 0.18028846153846154 0.0963855421686747
1 0.49158653846153844 0.04578313253012048 0.11778846153846154 0.09156626506024096
2 0.7824519230769231 0.9108433734939759 0.43509615384615385 0.1686746987951807
2 0.20192307692307693 0.9108433734939759 0.3942307692307692 0.1686746987951807