1 0.8774038461538461 0.2932692307692308 0.12980769230769232 0.16826923076923078
1 0.7740384615384616 0.3233173076923077 0.08173076923076923 0.10336538461538461
1 0.9615384615384616 0.2860576923076923 0.07692307692307693 0.125
0 0.4338942307692308 0.30528846153846156 0.13701923076923078 0.15384615384615385
0 0.3173076923076923 0.2512019230769231 0.11057692307692307 0.12740384615384615
0 0.15384615384615385 0.35336538461538464 0.057692307692307696 0.08173076923076923
0 0.10697115384615384 0.35336538461538464 0.04567307692307692 0.057692307692307696
0 0.03125 0.31971153846153844 0.04807692307692308 0.10576923076923077
1 0.8762019230769231 0.07692307692307693 0.13221153846153846 0.15384615384615385
1 0.7728365384615384 0.04567307692307692 0.08413461538461539 0.09134615384615384
1 0.9615384615384616 0.07451923076923077 0.07692307692307693 0.125
0 0.43509615384615385 0.0673076923076923 0.13942307692307693 0.1346153846153846
0 0.3173076923076923 0.11177884615384616 0.11057692307692307 0.12740384615384615
0 0.15264423076923078 0.025240384615384616 0.06009615384615385 0.05048076923076923
0 0.10817307692307693 0.019230769230769232 0.04807692307692308 0.038461538461538464
0 0.030048076923076924 0.04807692307692308 0.05048076923076923 0.09615384615384616