1 0.41445783132530123 0.7572115384615384 0.05783132530120482 0.07692307692307693
1 0.6180722891566265 0.7295673076923077 0.03614457831325301 0.05048076923076923
1 0.5469879518072289 0.7487980769230769 0.02891566265060241 0.05048076923076923
1 0.4710843373493976 0.28966346153846156 0.02650602409638554 0.03125
0 0.7698795180722892 0.7175480769230769 0.021686746987951807 0.026442307692307692
0 0.6903614457831325 0.7283653846153846 0.021686746987951807 0.02403846153846154
0 0.8072289156626506 0.7007211538461539 0.01927710843373494 0.026442307692307692
0 0.7325301204819277 0.7271634615384616 0.01927710843373494 0.021634615384615384
0 0.7481927710843373 0.7067307692307693 0.016867469879518072 0.019230769230769232
0 0.7048192771084337 0.7175480769230769 0.016867469879518072 0.021634615384615384
0 0.6710843373493975 0.7199519230769231 0.016867469879518072 0.026442307692307692
0 0.6542168674698795 0.7151442307692307 0.021686746987951807 0.026442307692307692
0 0.5277108433734939 0.7247596153846154 0.01927710843373494 0.016826923076923076
0 0.4686746987951807 0.7283653846153846 0.016867469879518072 0.02403846153846154
0 0.30843373493975906 0.7391826923076923 0.01927710843373494 0.021634615384615384
0 0.5578313253012048 0.7235576923076923 0.016867469879518072 0.019230769230769232
0 0.9 0.7175480769230769 0.021686746987951807 0.026442307692307692
0 0.9795180722891567 0.7283653846153846 0.021686746987951807 0.02403846153846154
0 0.8650602409638555 0.7007211538461539 0.01927710843373494 0.026442307692307692
0 0.9397590361445783 0.7271634615384616 0.01927710843373494 0.021634615384615384
0 0.9216867469879518 0.7067307692307693 0.016867469879518072 0.019230769230769232
0 0.9650602409638555 0.7175480769230769 0.016867469879518072 0.021634615384615384
0 0.9951807228915662 0.71875 0.00963855421686747 0.028846153846153848
0 0.02891566265060241 0.7391826923076923 0.01927710843373494 0.021634615384615384