0 0.140625 0.38313253012048193 0.20432692307692307 0.24096385542168675
0 0.8569711538461539 0.3795180722891566 0.06009615384615385 0.0746987951807229
0 0.6887019230769231 0.38313253012048193 0.04567307692307692 0.07228915662650602
0 0.019230769230769232 0.37710843373493974 0.03365384615384615 0.060240963855421686
0 0.29086538461538464 0.4 0.04326923076923077 0.06265060240963856
0 0.33653846153846156 0.38795180722891565 0.03365384615384615 0.043373493975903614
0 0.36778846153846156 0.39759036144578314 0.028846153846153848 0.03855421686746988
0 0.3942307692307692 0.38072289156626504 0.028846153846153848 0.043373493975903614
0 0.43990384615384615 0.39036144578313253 0.038461538461538464 0.05301204819277108
0 0.5060096153846154 0.3855421686746988 0.026442307692307692 0.033734939759036145
0 0.5564903846153846 0.38674698795180723 0.036057692307692304 0.04578313253012048
0 0.6069711538461539 0.39879518072289155 0.026442307692307692 0.03132530120481928
0 0.6466346153846154 0.39759036144578314 0.038461538461538464 0.04819277108433735
0 0.7307692307692307 0.40843373493975904 0.03365384615384615 0.04096385542168675
0 0.7692307692307693 0.40481927710843374 0.028846153846153848 0.033734939759036145
0 0.9170673076923077 0.39036144578313253 0.036057692307692304 0.04819277108433735
0 0.13942307692307693 0.033734939759036145 0.20673076923076922 0.06746987951807229