1 0.8918269230769231 0.40625 0.0625 0.07211538461538461
1 0.6442307692307693 0.38822115384615385 0.057692307692307696 0.06009615384615385
1 0.35336538461538464 0.3701923076923077 0.04807692307692308 0.057692307692307696
1 0.5625 0.36177884615384615 0.052884615384615384 0.06009615384615385
1 0.9747596153846154 0.35697115384615385 0.05048076923076923 0.09375
1 0.7848557692307693 0.390625 0.05048076923076923 0.055288461538461536
1 0.8353365384615384 0.39783653846153844 0.040865384615384616 0.04567307692307692
1 0.12620192307692307 0.40024038461538464 0.04567307692307692 0.055288461538461536
1 0.02283653846153846 0.3701923076923077 0.036057692307692304 0.08173076923076923
1 0.04567307692307692 0.35216346153846156 0.03365384615384615 0.040865384615384616
1 0.5288461538461539 0.37740384615384615 0.03365384615384615 0.04326923076923077
1 0.9603365384615384 0.4026442307692308 0.040865384615384616 0.055288461538461536
1 0.125 0.3713942307692308 0.03365384615384615 0.040865384615384616
1 0.890625 0.030048076923076924 0.06490384615384616 0.06009615384615385
1 0.6442307692307693 0.042067307692307696 0.057692307692307696 0.06009615384615385
1 0.35336538461538464 0.057692307692307696 0.04807692307692308 0.057692307692307696
1 0.5625 0.06850961538461539 0.052884615384615384 0.06009615384615385
1 0.9747596153846154 0.0733173076923077 0.05048076923076923 0.09375
1 0.7848557692307693 0.039663461538461536 0.05048076923076923 0.055288461538461536
1 0.8353365384615384 0.03245192307692308 0.040865384615384616 0.04567307692307692
1 0.12620192307692307 0.030048076923076924 0.04567307692307692 0.055288461538461536
1 0.02283653846153846 0.057692307692307696 0.036057692307692304 0.08173076923076923
1 0.04567307692307692 0.078125 0.03365384615384615 0.040865384615384616
1 0.5288461538461539 0.05048076923076923 0.03365384615384615 0.04326923076923077
1 0.9603365384615384 0.027644230769230768 0.040865384615384616 0.055288461538461536
1 0.125 0.05889423076923077 0.03365384615384615 0.040865384615384616