1 0.5168269230769231 0.3469879518072289 0.07692307692307693 0.10602409638554217
1 0.08413461538461539 0.3253012048192771 0.12980769230769232 0.163855421686747
1 0.4110576923076923 0.3542168674698795 0.09134615384615384 0.1108433734939759
1 0.20072115384615385 0.3397590361445783 0.07932692307692307 0.11566265060240964
1 0.33774038461538464 0.3542168674698795 0.06009615384615385 0.0819277108433735
1 0.2608173076923077 0.3530120481927711 0.04567307692307692 0.07951807228915662
1 0.5709134615384616 0.3614457831325301 0.040865384615384616 0.05783132530120482
1 0.6646634615384616 0.3373493975903614 0.05048076923076923 0.06265060240963856
1 0.6201923076923077 0.35903614457831323 0.03365384615384615 0.05783132530120482
1 0.3004807692307692 0.3650602409638554 0.03365384615384615 0.06987951807228916
1 0.5180288461538461 0.018072289156626505 0.07932692307692307 0.03614457831325301
1 0.08533653846153846 0.043373493975903614 0.13221153846153846 0.08674698795180723
1 0.41225961538461536 0.01566265060240964 0.09375 0.03132530120481928
1 0.19951923076923078 0.024096385542168676 0.08173076923076923 0.04819277108433735
1 0.33653846153846156 0.008433734939759036 0.0625 0.016867469879518072
1 0.25961538461538464 0.008433734939759036 0.04807692307692308 0.016867469879518072
1 0.6634615384615384 0.012048192771084338 0.052884615384615384 0.024096385542168676