1 0.8473557692307693 0.35542168674698793 0.06490384615384616 0.07951807228915662
1 0.5456730769230769 0.38072289156626504 0.057692307692307696 0.06746987951807229
1 0.7055288461538461 0.3746987951807229 0.055288461538461536 0.0746987951807229
1 0.7728365384615384 0.3686746987951807 0.055288461538461536 0.06746987951807229
1 0.19471153846153846 0.3349397590361446 0.10096153846153846 0.1108433734939759
1 0.6201923076923077 0.39036144578313253 0.04807692307692308 0.06265060240963856
1 0.47475961538461536 0.3855421686746988 0.05048076923076923 0.06746987951807229
1 0.38221153846153844 0.4 0.04807692307692308 0.04819277108433735
1 0.6478365384615384 0.363855421686747 0.04567307692307692 0.05301204819277108
1 0.8870192307692307 0.3650602409638554 0.028846153846153848 0.060240963855421686
1 0.8473557692307693 0.0855421686746988 0.06490384615384616 0.07951807228915662
1 0.5456730769230769 0.05783132530120482 0.057692307692307696 0.06746987951807229
1 0.7055288461538461 0.06626506024096386 0.055288461538461536 0.0746987951807229
1 0.7728365384615384 0.06987951807228916 0.055288461538461536 0.06746987951807229
1 0.19471153846153846 0.10361445783132531 0.10096153846153846 0.1108433734939759
1 0.6201923076923077 0.04819277108433735 0.04807692307692308 0.06265060240963856
1 0.47475961538461536 0.05301204819277108 0.05048076923076923 0.06746987951807229
1 0.38221153846153844 0.03855421686746988 0.04807692307692308 0.04819277108433735
1 0.6478365384615384 0.0746987951807229 0.04567307692307692 0.05301204819277108
1 0.8870192307692307 0.07590361445783132 0.028846153846153848 0.060240963855421686