1 0.7379807692307693 0.36658653846153844 0.07211538461538461 0.0985576923076923
0 0.3870192307692308 0.39302884615384615 0.0673076923076923 0.0889423076923077
0 0.09615384615384616 0.39302884615384615 0.0673076923076923 0.09375
0 0.1778846153846154 0.390625 0.09134615384615384 0.10817307692307693
0 0.4543269230769231 0.43149038461538464 0.0625 0.07451923076923077
0 0.8016826923076923 0.3918269230769231 0.05048076923076923 0.0673076923076923
0 0.6862980769230769 0.41466346153846156 0.04567307692307692 0.06490384615384616
0 0.6298076923076923 0.42427884615384615 0.03365384615384615 0.04567307692307692
0 0.5853365384615384 0.4387019230769231 0.03125 0.04567307692307692
0 0.5480769230769231 0.42908653846153844 0.03365384615384615 0.040865384615384616
0 0.28966346153846156 0.43028846153846156 0.040865384615384616 0.057692307692307696