1 0.5997596153846154 0.4182692307692308 0.06009615384615385 0.0673076923076923
1 0.4831730769230769 0.4519230769230769 0.0625 0.0625
1 0.15264423076923078 0.3605769230769231 0.055288461538461536 0.07211538461538461
1 0.7355769230769231 0.39663461538461536 0.038461538461538464 0.04807692307692308
1 0.3737980769230769 0.4170673076923077 0.040865384615384616 0.04567307692307692
1 0.06850961538461539 0.3425480769230769 0.040865384615384616 0.055288461538461536
1 0.5997596153846154 0.04807692307692308 0.06009615384615385 0.0673076923076923
1 0.48197115384615385 0.02403846153846154 0.06490384615384616 0.04807692307692308
1 0.15264423076923078 0.10576923076923077 0.055288461538461536 0.07211538461538461
1 0.7355769230769231 0.06971153846153846 0.038461538461538464 0.04807692307692308
1 0.3737980769230769 0.051682692307692304 0.040865384615384616 0.04567307692307692
1 0.06850961538461539 0.12620192307692307 0.040865384615384616 0.055288461538461536