0 0.25600961538461536 0.3337349397590361 0.06490384615384616 0.0746987951807229
0 0.7067307692307693 0.3168674698795181 0.0625 0.06987951807228916
0 0.1935096153846154 0.3542168674698795 0.06971153846153846 0.0819277108433735
0 0.6069711538461539 0.3132530120481928 0.06490384615384616 0.08674698795180723
0 0.5012019230769231 0.27590361445783135 0.055288461538461536 0.0746987951807229
0 0.8786057692307693 0.3228915662650602 0.06971153846153846 0.09156626506024096
0 0.07932692307692307 0.3289156626506024 0.057692307692307696 0.0746987951807229
0 0.8413461538461539 0.28313253012048195 0.052884615384615384 0.06987951807228916
0 0.375 0.3301204819277108 0.052884615384615384 0.07228915662650602
0 0.43028846153846156 0.3313253012048193 0.04807692307692308 0.060240963855421686
0 0.2932692307692308 0.3493975903614458 0.028846153846153848 0.05783132530120482
0 0.2548076923076923 0.012048192771084338 0.0673076923076923 0.024096385542168676
0 0.7079326923076923 0.01927710843373494 0.06490384615384616 0.03855421686746988
0 0.6057692307692307 0.02530120481927711 0.0673076923076923 0.05060240963855422
0 0.5012019230769231 0.04457831325301205 0.055288461538461536 0.0746987951807229
0 0.8774038461538461 0.021686746987951807 0.07211538461538461 0.043373493975903614
0 0.08052884615384616 0.014457831325301205 0.06009615384615385 0.02891566265060241
0 0.8413461538461539 0.03734939759036145 0.052884615384615384 0.06987951807228916
0 0.3762019230769231 0.01325301204819277 0.055288461538461536 0.02650602409638554
0 0.43149038461538464 0.00963855421686747 0.05048076923076923 0.01927710843373494